"Date: 1/30/2019 3:15:59 PM"
0
#TRUE#,#FALSE#,#FALSE#
#TRUE#
120.333333333333,120.333333333333,120.333333333333
"E:\Standards_3_3mm_bmp\Coral_2s2_4_2_aka_2s2_3_3_std1C.bmp"
""
469,696,957,698,959,197,471,195
489
0,173.250996015936
8.31024930747922E-03,172.806772908367
1.66204986149585E-02,172.284860557769
2.49307479224377E-02,171.880478087649
3.32409972299169E-02,171.394422310757
4.15512465373961E-02,170.866533864542
4.98614958448753E-02,170.372509960159
5.81717451523546E-02,169.888446215139
6.64819944598338E-02,169.42828685259
.074792243767313,169.009960159363
8.31024930747922E-02,168.607569721116
9.14127423822715E-02,168.302788844622
9.97229916897507E-02,167.998007968127
.10803324099723,167.699203187251
.116343490304709,167.454183266932
.124653739612188,167.245019920319
.132963988919668,167.105577689243
.141274238227147,166.930278884462
.149584487534626,166.830677290837
.157894736842105,166.758964143426
.166204986149584,166.737051792829
.174515235457064,166.739043824701
.182825484764543,166.804780876494
.191135734072022,166.958167330677
.199445983379501,167.139442231076
.207756232686981,167.306772908367
.21606648199446,167.48406374502
.224376731301939,167.707171314741
.232686980609418,167.96015936255
.240997229916898,168.129482071713
.249307479224377,168.334661354582
.257617728531856,168.543824701195
.265927977839335,168.723107569721
.274238227146814,168.958167330677
.282548476454294,169.075697211155
.290858725761773,169.191235059761
.299168975069252,169.284860557769
.307479224376731,169.374501992032
.315789473684211,169.446215139442
.32409972299169,169.456175298805
.332409972299169,169.40438247012
.340720221606648,169.336653386454
.349030470914127,169.195219123506
.357340720221607,169.113545816733
.365650969529086,168.950199203187
.373961218836565,168.741035856574
.382271468144044,168.605577689243
.390581717451524,168.376494023904
.398891966759003,168.075697211155
.407202216066482,167.707171314741
.415512465373961,167.408366533865
.42382271468144,167.05577689243
.43213296398892,166.657370517928
.440443213296399,166.320717131474
.448753462603878,165.994023904382
.457063711911357,165.683266932271
.465373961218837,165.376494023904
.473684210526316,165.175298804781
.481994459833795,164.954183266932
.490304709141274,164.752988047809
.498614958448753,164.575697211155
.506925207756233,164.406374501992
.515235457063712,164.249003984064
.523545706371191,164.123505976096
.53185595567867,164.001992031873
.54016620498615,163.95219123506
.548476454293629,163.850597609562
.556786703601108,163.856573705179
.565096952908587,163.860557768924
.573407202216067,163.9203187251
.581717451523546,163.938247011952
.590027700831025,163.94422310757
.598337950138504,163.994023904382
.606648199445983,164.075697211155
.614958448753463,164.083665338645
.623268698060942,164.159362549801
.631578947368421,164.252988047809
.6398891966759,164.396414342629
.64819944598338,164.549800796813
.656509695290859,164.754980079681
.664819944598338,164.880478087649
.673130193905817,165.027888446215
.681440443213296,165.205179282869
.689750692520776,165.384462151394
.698060941828255,165.501992031873
.706371191135734,165.639442231076
.714681440443213,165.788844621514
.722991689750693,165.962151394422
.731301939058172,166.143426294821
.739612188365651,166.304780876494
.74792243767313,166.43625498008
.756232686980609,166.509960159363
.764542936288089,166.591633466135
.772853185595568,166.623505976096
.781163434903047,166.691235059761
.789473684210526,166.760956175299
.797783933518006,166.733067729084
.806094182825485,166.731075697211
.814404432132964,166.731075697211
.822714681440443,166.673306772908
.831024930747923,166.655378486056
.839335180055402,166.58764940239
.847645429362881,166.56374501992
.85595567867036,166.48406374502
.864265927977839,166.416334661355
.872576177285319,166.320717131474
.880886426592798,166.268924302789
.889196675900277,166.189243027888
.897506925207756,166.163346613546
.905817174515235,166.105577689243
.914127423822715,166.093625498008
.922437673130194,166.091633466135
.930747922437673,166.085657370518
.939058171745152,166.093625498008
.947368421052632,166.06374501992
.955678670360111,166.093625498008
.96398891966759,166.119521912351
.972299168975069,166.171314741036
.980609418282549,166.179282868526
.988919667590028,166.254980079681
.997229916897507,166.266932270916
1.00554016620499,166.346613545817
1.01385041551247,166.390438247012
1.02216066481994,166.380478087649
1.03047091412742,166.438247011952
1.0387811634349,166.44422310757
1.04709141274238,166.438247011952
1.05540166204986,166.458167330677
1.06371191135734,166.46015936255
1.07202216066482,166.464143426295
1.0803324099723,166.48406374502
1.08864265927978,166.53187250996
1.09695290858726,166.541832669323
1.10526315789474,166.541832669323
1.11357340720222,166.591633466135
1.1218836565097,166.651394422311
1.13019390581717,166.739043824701
1.13850415512465,166.820717131474
1.14681440443213,166.908366533865
1.15512465373961,167.019920318725
1.16343490304709,167.093625498008
1.17174515235457,167.183266932271
1.18005540166205,167.284860557769
1.18836565096953,167.354581673307
1.19667590027701,167.41235059761
1.20498614958449,167.456175298805
1.21329639889197,167.442231075697
1.22160664819945,167.51593625498
1.22991689750693,167.525896414343
1.2382271468144,167.543824701195
1.24653739612188,167.581673306773
1.25484764542936,167.615537848606
1.26315789473684,167.641434262948
1.27146814404432,167.687250996016
1.2797783933518,167.677290836653
1.28808864265928,167.691235059761
1.29639889196676,167.701195219124
1.30470914127424,167.743027888446
1.31301939058172,167.776892430279
1.3213296398892,167.844621513944
1.32963988919668,167.884462151394
1.33795013850416,167.958167330677
1.34626038781163,167.948207171315
1.35457063711911,167.95219123506
1.36288088642659,167.922310756972
1.37119113573407,167.832669322709
1.37950138504155,167.669322709163
1.38781163434903,167.541832669323
1.39612188365651,167.384462151394
1.40443213296399,167.179282868526
1.41274238227147,167.03187250996
1.42105263157895,166.846613545817
1.42936288088643,166.667330677291
1.43767313019391,166.458167330677
1.44598337950139,166.209163346614
1.45429362880886,166.045816733068
1.46260387811634,165.832669322709
1.47091412742382,165.591633466135
1.4792243767313,165.42828685259
1.48753462603878,165.300796812749
1.49584487534626,165.137450199203
1.50415512465374,165.037848605578
1.51246537396122,164.978087649402
1.5207756232687,164.926294820717
1.52908587257618,164.926294820717
1.53739612188366,164.950199203187
1.54570637119114,164.930278884462
1.55401662049862,165.025896414343
1.56232686980609,165.081673306773
1.57063711911357,165.223107569721
1.57894736842105,165.42828685259
1.58725761772853,165.685258964143
1.59556786703601,165.900398406375
1.60387811634349,166.260956175299
1.61218836565097,166.569721115538
1.62049861495845,166.93625498008
1.62880886426593,167.243027888446
1.63711911357341,167.498007968127
1.64542936288089,167.665338645418
1.65373961218837,167.816733067729
1.66204986149584,167.9203187251
1.67036011080332,168.005976095618
1.6786703601108,168.03187250996
1.68698060941828,168.135458167331
1.69529085872576,168.247011952191
1.70360110803324,168.390438247012
1.71191135734072,168.537848605578
1.7202216066482,168.707171314741
1.72853185595568,168.860557768924
1.73684210526316,169.017928286853
1.74515235457064,169.105577689243
1.75346260387812,169.105577689243
1.7617728531856,169.135458167331
1.77008310249307,169.185258964143
1.77839335180055,169.125498007968
1.78670360110803,169.09561752988
1.79501385041551,169.025896414343
1.80332409972299,168.972111553785
1.81163434903047,168.994023904382
1.81994459833795,168.938247011952
1.82825484764543,168.862549800797
1.83656509695291,168.812749003984
1.84487534626039,168.778884462151
1.85318559556787,168.737051792829
1.86149584487535,168.659362549801
1.86980609418283,168.585657370518
1.8781163434903,168.559760956175
1.88642659279778,168.448207171315
1.89473684210526,168.41235059761
1.90304709141274,168.344621513944
1.91135734072022,168.252988047809
1.9196675900277,168.143426294821
1.92797783933518,168.01593625498
1.93628808864266,167.90438247012
1.94459833795014,167.808764940239
1.95290858725762,167.721115537849
1.9612188365651,167.639442231076
1.96952908587258,167.561752988048
1.97783933518006,167.517928286853
1.98614958448753,167.472111553785
1.99445983379501,167.470119521912
2.00277008310249,167.470119521912
2.01108033240997,167.470119521912
2.01939058171745,167.48406374502
2.02770083102493,167.577689243028
2.03601108033241,167.633466135458
2.04432132963989,167.635458167331
2.05263157894737,167.679282868526
2.06094182825485,167.741035856574
2.06925207756233,167.828685258964
2.07756232686981,167.954183266932
2.08587257617729,168.021912350598
2.09418282548476,168.08764940239
2.10249307479224,168.175298804781
2.11080332409972,168.199203187251
2.1191135734072,168.237051792829
2.12742382271468,168.225099601594
2.13573407202216,168.290836653386
2.14404432132964,168.280876494024
2.15235457063712,168.296812749004
2.1606648199446,168.358565737052
2.16897506925208,168.434262948207
2.17728531855956,168.513944223108
2.18559556786704,168.573705179283
2.19390581717452,168.651394422311
2.20221606648199,168.772908366534
2.21052631578947,168.786852589641
2.21883656509695,168.840637450199
2.22714681440443,168.846613545817
2.23545706371191,168.842629482072
2.24376731301939,168.818725099602
2.25207756232687,168.717131474104
2.26038781163435,168.697211155378
2.26869806094183,168.671314741036
2.27700831024931,168.695219123506
2.28531855955679,168.681274900398
2.29362880886427,168.663346613546
2.30193905817175,168.661354581673
2.31024930747922,168.631474103586
2.3185595567867,168.597609561753
2.32686980609418,168.557768924303
2.33518005540166,168.509960159363
2.34349030470914,168.53984063745
2.35180055401662,168.549800796813
2.3601108033241,168.541832669323
2.36842105263158,168.557768924303
2.37673130193906,168.609561752988
2.38504155124654,168.689243027888
2.39335180055402,168.792828685259
2.4016620498615,168.844621513944
2.40997229916898,168.91235059761
2.41828254847645,168.964143426295
2.42659279778393,169.00796812749
2.43490304709141,169.027888446215
2.44321329639889,169.091633466135
2.45152354570637,169.111553784861
2.45983379501385,169.169322709163
2.46814404432133,169.201195219124
2.47645429362881,169.219123505976
2.48476454293629,169.272908366534
2.49307479224377,169.358565737052
2.50138504155125,169.372509960159
2.50969529085873,169.45219123506
2.51800554016621,169.537848605578
2.52631578947368,169.639442231076
2.53462603878116,169.725099601594
2.54293628808864,169.800796812749
2.55124653739612,169.866533864542
2.5595567867036,169.938247011952
2.56786703601108,170.001992031873
2.57617728531856,170.033864541833
2.58448753462604,169.994023904382
2.59279778393352,169.94422310757
2.601108033241,169.908366533865
2.60941828254848,169.894422310757
2.61772853185596,169.934262948207
2.62603878116344,169.958167330677
2.63434903047091,170.02390438247
2.64265927977839,170.111553784861
2.65096952908587,170.231075697211
2.65927977839335,170.316733067729
2.66759002770083,170.374501992032
2.67590027700831,170.406374501992
2.68421052631579,170.43625498008
2.69252077562327,170.394422310757
2.70083102493075,170.402390438247
2.70914127423823,170.43625498008
2.71745152354571,170.511952191235
2.72576177285319,170.583665338645
2.73407202216067,170.623505976096
2.74238227146814,170.693227091633
2.75069252077562,170.814741035857
2.7590027700831,170.838645418327
2.76731301939058,170.880478087649
2.77562326869806,170.852589641434
2.78393351800554,170.816733067729
2.79224376731302,170.750996015936
2.8005540166205,170.701195219124
2.80886426592798,170.665338645418
2.81717451523546,170.617529880478
2.82548476454294,170.581673306773
2.83379501385042,170.55577689243
2.84210526315789,170.509960159363
2.85041551246537,170.464143426295
2.85872576177285,170.410358565737
2.86703601108033,170.260956175299
2.87534626038781,170.201195219124
2.88365650969529,170.151394422311
2.89196675900277,170.07171314741
2.90027700831025,170.035856573705
2.90858725761773,169.982071713147
2.91689750692521,169.980079681275
2.92520775623269,170.027888446215
2.93351800554017,170.003984063745
2.94182825484765,170.033864541833
2.95013850415512,170.033864541833
2.9584487534626,170.037848605578
2.96675900277008,169.972111553785
2.97506925207756,169.906374501992
2.98337950138504,169.914342629482
2.99168975069252,169.982071713147
3,170.041832669323
3.00831024930748,170.115537848606
3.01662049861496,170.143426294821
3.02493074792244,170.252988047809
3.03324099722992,170.368525896414
3.0415512465374,170.4203187251
3.04986149584488,170.466135458167
3.05817174515235,170.472111553785
3.06648199445983,170.541832669323
3.07479224376731,170.553784860558
3.08310249307479,170.58764940239
3.09141274238227,170.56374501992
3.09972299168975,170.591633466135
3.10803324099723,170.611553784861
3.11634349030471,170.615537848606
3.12465373961219,170.615537848606
3.13296398891967,170.653386454183
3.14127423822715,170.651394422311
3.14958448753463,170.645418326693
3.15789473684211,170.605577689243
3.16620498614958,170.667330677291
3.17451523545706,170.669322709163
3.18282548476454,170.715139442231
3.19113573407202,170.709163346614
3.1994459833795,170.689243027888
3.20775623268698,170.633466135458
3.21606648199446,170.585657370518
3.22437673130194,170.48406374502
3.23268698060942,170.348605577689
3.2409972299169,170.260956175299
3.24930747922438,170.155378486056
3.25761772853186,170.115537848606
3.26592797783934,170.033864541833
3.27423822714681,170.037848605578
3.28254847645429,170.033864541833
3.29085872576177,170.035856573705
3.29916897506925,170.041832669323
3.30747922437673,170.077689243028
3.31578947368421,170.101593625498
3.32409972299169,170.097609561753
3.33240997229917,170.059760956175
3.34072022160665,170.069721115538
3.34903047091413,170.073705179283
3.35734072022161,170.163346613546
3.36565096952909,170.173306772908
3.37396121883657,170.227091633466
3.38227146814404,170.366533864542
3.39058171745152,170.50796812749
3.398891966759,170.701195219124
3.40720221606648,170.848605577689
3.41551246537396,171.059760956175
3.42382271468144,171.258964143426
3.43213296398892,171.400398406375
3.4404432132964,171.545816733068
3.44875346260388,171.613545816733
3.45706371191136,171.677290836653
3.46537396121884,171.754980079681
3.47368421052632,171.760956175299
3.4819944598338,171.774900398406
3.49030470914127,171.768924302789
3.49861495844875,171.822709163347
3.50692520775623,171.864541832669
3.51523545706371,171.96812749004
3.52354570637119,172.035856573705
3.53185595567867,172.043824701195
3.54016620498615,172.099601593625
3.54847645429363,172.09561752988
3.55678670360111,172.117529880478
3.56509695290859,172.123505976096
3.57340720221607,172.181274900398
3.58171745152355,172.211155378486
3.59002770083103,172.270916334661
3.5983379501385,172.300796812749
3.60664819944598,172.360557768924
3.61495844875346,172.438247011952
3.62326869806094,172.44422310757
3.63157894736842,172.47609561753
3.6398891966759,172.45219123506
3.64819944598338,172.382470119522
3.65650969529086,172.362549800797
3.66481994459834,172.247011952191
3.67313019390582,172.237051792829
3.6814404432133,172.205179282869
3.68975069252078,172.195219123506
3.69806094182825,172.209163346614
3.70637119113573,172.225099601594
3.71468144044321,172.243027888446
3.72299168975069,172.235059760956
3.73130193905817,172.191235059761
3.73961218836565,172.165338645418
3.74792243767313,172.125498007968
3.75623268698061,172.057768924303
3.76454293628809,172.113545816733
3.77285318559557,172.107569721116
3.78116343490305,172.145418326693
3.78947368421053,172.229083665339
3.79778393351801,172.278884462151
3.80609418282548,172.336653386454
3.81440443213296,172.356573705179
3.82271468144044,172.338645418327
3.83102493074792,172.364541832669
3.8393351800554,172.316733067729
3.84764542936288,172.300796812749
3.85595567867036,172.298804780876
3.86426592797784,172.386454183267
3.87257617728532,172.454183266932
3.8808864265928,172.55577689243
3.88919667590028,172.561752988048
3.89750692520776,172.627490039841
3.90581717451524,172.733067729084
3.91412742382271,172.858565737052
3.92243767313019,172.932270916335
3.93074792243767,173.075697211155
3.93905817174515,173.235059760956
3.94736842105263,173.519920318725
3.95567867036011,173.739043824701
3.96398891966759,173.972111553785
3.97229916897507,174.229083665339
3.98060941828255,174.458167330677
3.98891966759003,174.661354581673
3.99722991689751,174.822709163347
4.00554016620499,175.041832669323
4.01385041551247,175.308764940239
4.02216066481994,175.653386454183
4.03047091412742,176.001992031873
4.0387811634349,176.362549800797
4.04709141274238,176.772908366534
4.05540166204986,177.181274900398
