"Date: 10/31/2018 1:44:09 PM"
0
#TRUE#,#FALSE#,#FALSE#
#TRUE#
182.666666666667,182.5,182.666665476695
"E:\Standards_2_3_mm_BMP\Coral_2_2_8_std1A.bmp"
""
545,788,1294,786,1292,71,543,73
750
0,193.06843575419
5.47445259040754E-03,192.621508379888
1.09489051808151E-02,192.079608938547
1.64233577712226E-02,191.52374301676
2.18978103616302E-02,191.043296089385
2.73722629520377E-02,190.530726256983
3.28467155424453E-02,189.994413407821
3.83211681328528E-02,189.491620111732
4.37956207232604E-02,189.029329608939
4.92700733136679E-02,188.550279329609
5.47445259040754E-02,188.128491620112
.060218978494483,187.628491620112
6.56934310848905E-02,187.156424581006
7.11678836752981E-02,186.680167597765
7.66423362657056E-02,186.243016759777
8.21167888561132E-02,185.821229050279
8.75912414465207E-02,185.484636871508
9.30656940369283E-02,185.139664804469
9.85401466273358E-02,184.91061452514
.104014599217743,184.656424581006
.109489051808151,184.405027932961
.114963504398558,184.201117318436
.120437956988966,184.13407821229
.125912409579374,184.071229050279
.131386862169781,184.019553072626
.136861314760189,184.041899441341
.142335767350596,184.101955307263
.147810219941004,184.210893854749
.153284672531411,184.328212290503
.158759125121819,184.434357541899
.164233577712226,184.663407821229
.169708030302634,184.829608938547
.175182482893041,185.046089385475
.180656935483449,185.29748603352
.186131388073857,185.582402234637
.191605840664264,185.872905027933
.197080293254672,186.129888268156
.202554745845079,186.374301675978
.208029198435487,186.597765363129
.213503651025894,186.72905027933
.218978103616302,186.900837988827
.224452556206709,187.006983240223
.229927008797117,187.02374301676
.235401461387524,187.040502793296
.240875913977932,187.009776536313
.24635036656834,186.918994413408
.251824819158747,186.737430167598
.257299271749155,186.607541899441
.262773724339562,186.47625698324
.26824817692997,186.331005586592
.273722629520377,186.155027932961
.279197082110785,185.987430167598
.284671534701192,185.891061452514
.2901459872916,185.844972067039
.295620439882007,185.703910614525
.301094892472415,185.61312849162
.306569345062822,185.513966480447
.31204379765323,185.458100558659
.317518250243638,185.379888268156
.322992702834045,185.230446927374
.328467155424453,185.103351955307
.33394160801486,184.914804469274
.339416060605268,184.656424581006
.344890513195675,184.379888268156
.350364965786083,184.067039106145
.35583941837649,183.723463687151
.361313870966898,183.335195530726
.366788323557305,182.959497206704
.372262776147713,182.551675977654
.377737228738121,182.18156424581
.383211681328528,181.84217877095
.388686133918936,181.525139664804
.394160586509343,181.371508379888
.399635039099751,181.208100558659
.405109491690158,181.163407821229
.410583944280566,181.184357541899
.416058396870973,181.272346368715
.421532849461381,181.396648044693
.427007302051788,181.610335195531
.432481754642196,181.81843575419
.437956207232604,182.050279329609
.443430659823011,182.269553072626
.448905112413419,182.414804469274
.454379565003826,182.562849162011
.459854017594234,182.596368715084
.465328470184641,182.541899441341
.470802922775049,182.420391061453
.476277375365456,182.269553072626
.481751827955864,182.13407821229
.487226280546271,181.850558659218
.492700733136679,181.550279329609
.498175185727087,181.319832402235
.503649638317494,181.057262569832
.509124090907902,180.88407821229
.514598543498309,180.70530726257
.520072996088717,180.532122905028
.525547448679124,180.470670391061
.531021901269532,180.472067039106
.536496353859939,180.54469273743
.541970806450347,180.594972067039
.547445259040754,180.677374301676
.552919711631162,180.783519553073
.55839416422157,181.004189944134
.563868616811977,181.110335195531
.569343069402385,181.416201117318
.574817521992792,181.689944134078
.5802919745832,181.984636871508
.585766427173607,182.27094972067
.591240879764015,182.515363128492
.596715332354422,182.916201117318
.60218978494483,183.22625698324
.607664237535237,183.585195530726
.613138690125645,183.836592178771
.618613142716053,184.087988826816
.62408759530646,184.263966480447
.629562047896868,184.329608938547
.635036500487275,184.335195530726
.640510953077683,184.301675977654
.64598540566809,184.159217877095
.651459858258498,184.062849162011
.656934310848905,183.730446927374
.662408763439313,183.515363128492
.66788321602972,183.255586592179
.673357668620128,183.057262569832
.678832121210535,182.847765363129
.684306573800943,182.678770949721
.689781026391351,182.533519553073
.695255478981758,182.501396648045
.700729931572166,182.484636871508
.706204384162573,182.617318435754
.711678836752981,182.738826815642
.717153289343388,182.889664804469
.722627741933796,182.986033519553
.728102194524203,183.085195530726
.733576647114611,183.209497206704
.739051099705018,183.301675977654
.744525552295426,183.400837988827
.750000004885834,183.395251396648
.755474457476241,183.329608938547
.760948910066649,183.290502793296
.766423362657056,183.27374301676
.771897815247464,183.256983240223
.777372267837871,183.233240223464
.782846720428279,183.149441340782
.788321173018686,183.086592178771
.793795625609094,183.034916201117
.799270078199501,182.956703910615
.804744530789909,182.851955307263
.810218983380317,182.713687150838
.815693435970724,182.530726256983
.821167888561132,182.276536312849
.826642341151539,182.04748603352
.832116793741947,181.79748603352
.837591246332354,181.540502793296
.843065698922762,181.322625698324
.848540151513169,181.114525139665
.854014604103577,180.916201117318
.859489056693984,180.798882681564
.864963509284392,180.860335195531
.8704379618748,180.872905027933
.875912414465207,181.072625698324
.881386867055615,181.272346368715
.886861319646022,181.467877094972
.89233577223643,181.780726256983
.897810224826837,181.991620111732
.903284677417245,182.159217877095
.908759130007652,182.308659217877
.91423358259806,182.389664804469
.919708035188467,182.467877094972
.925182487778875,182.399441340782
.930656940369283,182.277932960894
.93613139295969,182.173184357542
.941605845550098,182.02094972067
.947080298140505,181.925977653631
.952554750730913,181.815642458101
.95802920332132,181.652234636871
.963503655911728,181.754189944134
.968978108502135,181.708100558659
.974452561092543,181.787709497207
.97992701368295,181.784916201117
.985401466273358,181.75
.990875918863766,181.677374301676
.996350371454173,181.621508379888
1.00182482404458,181.477653631285
1.00729927663499,181.308659217877
1.0127737292254,181.09217877095
1.0182481818158,180.763966480447
1.02372263440621,180.504189944134
1.02919708699662,180.325418994413
1.03467153958703,180.072625698324
1.04014599217743,180.025139664804
1.04562044476784,180.129888268156
1.05109489735825,180.216480446927
1.05656934994866,180.47625698324
1.06204380253906,180.696927374302
1.06751825512947,181.037709497207
1.07299270771988,181.430167597765
1.07846716031029,181.853351955307
1.08394161290069,182.173184357542
1.0894160654911,182.532122905028
1.09489051808151,182.727653631285
1.10036497067192,182.896648044693
1.10583942326232,182.995810055866
1.11131387585273,183.06843575419
1.11678832844314,183.143854748603
1.12226278103355,183.198324022346
1.12773723362395,183.187150837989
1.13321168621436,183.159217877095
1.13868613880477,183.20251396648
1.14416059139518,183.335195530726
1.14963504398558,183.472067039106
1.15510949657599,183.603351955307
1.1605839491664,183.752793296089
1.16605840175681,183.920391061453
1.17153285434721,184.046089385475
1.17700730693762,184.135474860335
1.18248175952803,184.300279329609
1.18795621211844,184.346368715084
1.19343066470884,184.424581005587
1.19890511729925,184.406424581006
1.20437956988966,184.230446927374
1.20985402248007,184.103351955307
1.21532847507047,183.889664804469
1.22080292766088,183.744413407821
1.22627738025129,183.536312849162
1.2317518328417,183.337988826816
1.23722628543211,183.111731843575
1.24270073802251,182.849162011173
1.24817519061292,182.571229050279
1.25364964320333,182.367318435754
1.25912409579374,182.231843575419
1.26459854838414,182.043296089385
1.27007300097455,181.962290502793
1.27554745356496,181.879888268156
1.28102190615537,181.814245810056
1.28649635874577,181.745810055866
1.29197081133618,181.701117318436
1.29744526392659,181.550279329609
1.302919716517,181.509776536313
1.3083941691074,181.491620111732
1.31386862169781,181.453910614525
1.31934307428822,181.344972067039
1.32481752687863,181.296089385475
1.33029197946903,181.162011173184
1.33576643205944,181.006983240223
1.34124088464985,180.853351955307
1.34671533724026,180.81843575419
1.35218978983066,180.747206703911
1.35766424242107,180.871508379888
1.36313869501148,180.972067039106
1.36861314760189,181.129888268156
1.37408760019229,181.34217877095
1.3795620527827,181.561452513966
1.38503650537311,181.872905027933
1.39051095796352,182.166201117318
1.39598541055392,182.529329608939
1.40145986314433,182.825418994413
1.40693431573474,183.182960893855
1.41240876832515,183.414804469274
1.41788322091555,183.594972067039
1.42335767350596,183.701117318436
1.42883212609637,183.710893854749
1.43430657868678,183.738826815642
1.43978103127718,183.77094972067
1.44525548386759,183.812849162011
1.450729936458,183.892458100559
1.45620438904841,183.974860335196
1.46167884163881,184.099162011173
1.46715329422922,184.234636871508
1.47262774681963,184.45251396648
1.47810219941004,184.534916201117
1.48357665200044,184.766759776536
1.48905110459085,184.956703910615
1.49452555718126,185.196927374302
1.50000000977167,185.199720670391
1.50547446236207,184.942737430168
1.51094891495248,184.671787709497
1.51642336754289,184.354748603352
1.5218978201333,183.812849162011
1.5273722727237,183.262569832402
1.53284672531411,182.740223463687
1.53832117790452,182.155027932961
1.54379563049493,181.649441340782
1.54927008308533,181.143854748603
1.55474453567574,180.743016759777
1.56021898826615,180.423184357542
1.56569344085656,180.289106145251
1.57116789344697,180.231843575419
1.57664234603737,180.282122905028
1.58211679862778,180.336592178771
1.58759125121819,180.442737430168
1.5930657038086,180.495810055866
1.598540156399,180.490223463687
1.60401460898941,180.324022346369
1.60948906157982,180.20530726257
1.61496351417023,179.942737430168
1.62043796676063,179.695530726257
1.62591241935104,179.333798882682
1.63138687194145,179.039106145251
1.63686132453186,178.821229050279
1.64233577712226,178.620111731844
1.64781022971267,178.477653631285
1.65328468230308,178.416201117318
1.65875913489349,178.587988826816
1.66423358748389,178.748603351955
1.6697080400743,179.093575418994
1.67518249266471,179.40782122905
1.68065694525512,179.780726256983
1.68613139784552,180.09217877095
1.69160585043593,180.291899441341
1.69708030302634,180.458100558659
1.70255475561675,180.540502793296
1.70802920820715,180.618715083799
1.71350366079756,180.642458100559
1.71897811338797,180.638268156425
1.72445256597838,180.694134078212
1.72992701856878,180.84217877095
1.73540147115919,181.111731843575
1.7408759237496,181.353351955307
1.74635037634001,181.650837988827
1.75182482893041,182.090782122905
1.75729928152082,182.587988826816
1.76277373411123,183.217877094972
1.76824818670164,183.723463687151
1.77372263929204,184.163407821229
1.77919709188245,184.575418994413
1.78467154447286,184.796089385475
1.79014599706327,184.833798882682
1.79562044965367,184.733240223464
1.80109490224408,184.638268156425
1.80656935483449,184.526536312849
1.8120438074249,184.248603351955
1.8175182600153,183.874301675978
1.82299271260571,183.511173184358
1.82846716519612,183.09217877095
1.83394161778653,182.730446927374
1.83941607037693,182.268156424581
1.84489052296734,181.921787709497
1.85036497555775,181.582402234637
1.85583942814816,181.248603351955
1.86131388073857,180.831005586592
1.86678833332897,180.29748603352
1.87226278591938,179.815642458101
1.87773723850979,179.276536312849
1.8832116911002,178.703910614525
1.8886861436906,178.220670391061
1.89416059628101,177.768156424581
1.89963504887142,177.393854748603
1.90510950146183,177.081005586592
1.91058395405223,176.79469273743
1.91605840664264,176.618715083799
1.92153285923305,176.653631284916
1.92700731182346,176.617318435754
1.93248176441386,176.856145251397
1.93795621700427,177.128491620112
1.94343066959468,177.576815642458
1.94890512218509,177.945530726257
1.95437957477549,178.357541899441
1.9598540273659,178.775139664804
1.96532847995631,179.20251396648
1.97080293254672,179.582402234637
1.97627738513712,179.97905027933
1.98175183772753,180.335195530726
1.98722629031794,180.736033519553
1.99270074290835,181.086592178771
1.99817519549875,181.29469273743
2.00364964808916,181.412011173184
2.00912410067957,181.428770949721
2.01459855326998,181.432960893855
2.02007300586038,181.441340782123
2.02554745845079,181.513966480447
2.0310219110412,181.572625698324
2.03649636363161,181.467877094972
2.04197081622201,181.477653631285
2.04744526881242,181.463687150838
2.05291972140283,181.509776536313
2.05839417399324,181.724860335196
2.06386862658364,181.980446927374
2.06934307917405,182.367318435754
2.07481753176446,182.696927374302
2.08029198435487,183.08938547486
2.08576643694527,183.52374301676
2.09124088953568,183.837988826816
2.09671534212609,184.004189944134
2.1021897947165,184.280726256983
2.1076642473069,184.263966480447
2.11313869989731,184.256983240223
2.11861315248772,184.08938547486
2.12408760507813,183.833798882682
2.12956205766853,183.405027932961
2.13503651025894,182.857541899441
2.14051096284935,182.36312849162
2.14598541543976,181.864525139665
2.15145986803017,181.435754189944
2.15693432062057,180.946927374302
2.16240877321098,180.543296089385
2.16788322580139,180.184357541899
2.17335767839179,179.761173184358
2.1788321309822,179.392458100559
2.18430658357261,179.110335195531
2.18978103616302,178.716480446927
2.19525548875343,178.43156424581
2.20072994134383,178.085195530726
2.20620439393424,177.731843575419
2.21167884652465,177.310055865922
2.21715329911506,176.893854748603
2.22262775170546,176.459497206704
2.22810220429587,176.06843575419
2.23357665688628,175.708100558659
2.23905110947669,175.453910614525
2.24452556206709,175.152234636871
2.2500000146575,174.963687150838
2.25547446724791,174.826815642458
2.26094891983832,174.733240223464
2.26642337242872,174.768156424581
2.27189782501913,174.832402234637
2.27737227760954,174.977653631285
2.28284673019995,175.069832402235
2.28832118279035,175.304469273743
2.29379563538076,175.516759776536
2.29927008797117,175.708100558659
2.30474454056158,175.934357541899
2.31021899315198,176.128491620112
2.31569344574239,176.405027932961
2.3211678983328,176.534916201117
2.32664235092321,176.748603351955
2.33211680351361,176.896648044693
2.33759125610402,177.033519553073
2.34306570869443,177.167597765363
2.34854016128484,177.346368715084
2.35401461387524,177.484636871508
2.35948906646565,177.70251396648
2.36496351905606,177.856145251397
2.37043797164647,178.120111731844
2.37591242423687,178.368715083799
2.38138687682728,178.678770949721
2.38686132941769,179.086592178771
2.3923357820081,179.617318435754
2.3978102345985,180.057262569832
2.40328468718891,180.569832402235
2.40875913977932,181.090782122905
2.41423359236973,181.581005586592
2.41970804496013,182.029329608939
2.42518249755054,182.467877094972
2.43065695014095,182.826815642458
2.43613140273136,183.153631284916
2.44160585532177,183.45530726257
2.44708030791217,183.543296089385
2.45255476050258,183.737430167598
2.45802921309299,183.754189944134
2.46350366568339,183.856145251397
2.4689781182738,183.850558659218
2.47445257086421,183.900837988827
2.47992702345462,183.962290502793
2.48540147604503,184.051675977654
2.49087592863543,183.948324022346
2.49635038122584,183.969273743017
2.50182483381625,183.694134078212
2.50729928640666,183.551675977654
2.51277373899706,183.304469273743
2.51824819158747,182.966480446927
2.52372264417788,182.515363128492
2.52919709676829,182.008379888268
2.53467154935869,181.490223463687
2.5401460019491,180.90782122905
2.54562045453951,180.353351955307
2.55109490712992,179.860335195531
2.55656935972032,179.490223463687
2.56204381231073,179.196927374302
2.56751826490114,178.95251396648
2.57299271749155,178.821229050279
2.57846717008195,178.805865921788
2.58394162267236,178.720670391061
2.58941607526277,178.741620111732
2.59489052785318,178.627094972067
2.60036498044358,178.470670391061
2.60583943303399,178.293296089385
2.6113138856244,178.015363128492
2.61678833821481,177.606145251397
2.62226279080521,177.132681564246
2.62773724339562,176.641061452514
2.63321169598603,176.177374301676
2.63868614857644,175.678770949721
2.64416060116684,175.275139664804
2.64963505375725,175.048882681564
2.65510950634766,175.033519553073
2.66058395893807,175.106145251397
2.66605841152847,175.286312849162
2.67153286411888,175.576815642458
2.67700731670929,175.994413407821
2.6824817692997,176.420391061453
2.6879562218901,176.86312849162
2.69343067448051,177.258379888268
2.69890512707092,177.58938547486
2.70437957966133,177.857541899441
2.70985403225173,178.04748603352
2.71532848484214,178.008379888268
2.72080293743255,178.122905027933
2.72627739002296,178.159217877095
2.73175184261336,178.175977653631
2.73722629520377,178.315642458101
2.74270074779418,178.593575418994
2.74817520038459,178.914804469274
2.75364965297499,179.217877094972
2.7591241055654,179.696927374302
2.76459855815581,180.150837988827
2.77007301074622,180.682960893855
2.77554746333663,181.152234636871
2.78102191592703,181.548882681564
2.78649636851744,181.861731843575
2.79197082110785,182.060055865922
2.79744527369826,182.030726256983
2.80291972628866,181.949720670391
2.80839417887907,181.762569832402
2.81386863146948,181.597765363129
2.81934308405989,181.382681564246
2.82481753665029,181.142458100559
2.8302919892407,180.902234636871
2.83576644183111,180.775139664804
2.84124089442152,180.656424581006
2.84671534701192,180.648044692737
2.85218979960233,180.643854748603
2.85766425219274,180.717877094972
2.86313870478315,180.833798882682
2.86861315737355,180.905027932961
2.87408760996396,180.946927374302
2.87956206255437,180.872905027933
2.88503651514478,180.733240223464
2.89051096773518,180.527932960894
2.89598542032559,180.361731843575
2.901459872916,180.086592178771
2.90693432550641,179.804469273743
2.91240877809681,179.562849162011
2.91788323068722,179.29469273743
2.92335768327763,179.055865921788
2.92883213586804,178.796089385475
2.93430658845844,178.639664804469
2.93978104104885,178.58938547486
2.94525549363926,178.525139664804
2.95072994622967,178.484636871508
2.95620439882007,178.474860335196
2.96167885141048,178.448324022346
2.96715330400089,178.349162011173
2.9726277565913,178.234636871508
2.9781022091817,178.20530726257
2.98357666177211,178.192737430168
2.98905111436252,178.11592178771
2.99452556695293,178.162011173184
3.00000001954333,178.20530726257
3.00547447213374,178.213687150838
3.01094892472415,178.256983240223
3.01642337731456,178.322625698324
3.02189782990496,178.504189944134
3.02737228249537,178.694134078212
3.03284673508578,178.974860335196
3.03832118767619,179.208100558659
3.04379564026659,179.434357541899
3.049270092857,179.680167597765
3.05474454544741,179.942737430168
3.06021899803782,180.170391061453
3.06569345062823,180.470670391061
3.07116790321863,180.777932960894
3.07664235580904,181.223463687151
3.08211680839945,181.56843575419
3.08759126098986,181.896648044693
3.09306571358026,182.296089385475
3.09854016617067,182.684357541899
3.10401461876108,182.959497206704
3.10948907135149,183.311452513966
3.11496352394189,183.59217877095
3.1204379765323,183.864525139665
3.12591242912271,184.012569832402
3.13138688171312,184.04469273743
3.13686133430352,184.002793296089
3.14233578689393,183.882681564246
3.14781023948434,183.756983240223
3.15328469207475,183.529329608939
3.15875914466515,183.353351955307
3.16423359725556,183.132681564246
3.16970804984597,182.953910614525
3.17518250243638,182.79469273743
3.18065695502678,182.650837988827
3.18613140761719,182.467877094972
3.1916058602076,182.396648044693
3.19708031279801,182.307262569832
3.20255476538841,182.258379888268
3.20802921797882,182.198324022346
3.21350367056923,182.085195530726
3.21897812315964,181.945530726257
3.22445257575004,181.736033519553
3.22992702834045,181.572625698324
3.23540148093086,181.333798882682
3.24087593352127,181.178770949721
3.24635038611167,181.009776536313
3.25182483870208,180.872905027933
3.25729929129249,180.755586592179
3.2627737438829,180.63407821229
3.2682481964733,180.610335195531
3.27372264906371,180.576815642458
3.27919710165412,180.594972067039
3.28467155424453,180.680167597765
3.29014600683493,180.724860335196
3.29562045942534,180.740223463687
3.30109491201575,180.754189944134
3.30656936460616,180.701117318436
3.31204381719656,180.579608938547
3.31751826978697,180.47625698324
3.32299272237738,180.310055865922
3.32846717496779,180.146648044693
3.33394162755819,180.034916201117
3.3394160801486,179.941340782123
3.34489053273901,179.928770949721
3.35036498532942,179.95530726257
3.35583943791982,180.02374301676
3.36131389051023,180.222067039106
3.36678834310064,180.424581005587
3.37226279569105,180.75
3.37773724828145,181.064245810056
3.38321170087186,181.406424581006
3.38868615346227,181.780726256983
3.39416060605268,182.055865921788
3.39963505864309,182.280726256983
3.40510951123349,182.483240223464
3.4105839638239,182.617318435754
3.41605841641431,182.699720670391
3.42153286900472,182.783519553073
3.42700732159512,182.895251396648
3.43248177418553,183.004189944134
3.43795622677594,183.072625698324
3.44343067936635,183.171787709497
3.44890513195675,183.194134078212
3.45437958454716,183.329608938547
3.45985403713757,183.328212290503
3.46532848972798,183.446927374302
3.47080294231838,183.501396648045
3.47627739490879,183.541899441341
3.4817518474992,183.52374301676
3.48722630008961,183.487430167598
3.49270075268001,183.332402234637
3.49817520527042,183.184357541899
3.50364965786083,183.036312849162
3.50912411045124,182.903631284916
3.51459856304164,182.761173184358
3.52007301563205,182.59217877095
3.52554746822246,182.446927374302
3.53102192081287,182.388268156425
3.53649637340327,182.312849162011
3.54197082599368,182.224860335196
3.54744527858409,182.248603351955
3.5529197311745,182.245810055866
3.5583941837649,182.319832402235
3.56386863635531,182.379888268156
3.56934308894572,182.377094972067
3.57481754153613,182.372905027933
3.58029199412653,182.432960893855
3.58576644671694,182.423184357542
3.59124089930735,182.424581005587
3.59671535189776,182.296089385475
3.60218980448816,182.236033519553
3.60766425707857,182.199720670391
3.61313870966898,182.148044692737
3.61861316225939,182.078212290503
3.62408761484979,182.099162011173
3.6295620674402,182.046089385475
3.63503652003061,182.06843575419
3.64051097262102,182.069832402235
3.64598542521142,182.135474860335
3.65145987780183,182.241620111732
3.65693433039224,182.424581005587
3.66240878298265,182.617318435754
3.66788323557305,182.881284916201
3.67335768816346,183.178770949721
3.67883214075387,183.451117318436
3.68430659334428,183.789106145251
3.68978104593468,184.02094972067
3.69525549852509,184.343575418994
3.7007299511155,184.601955307263
3.70620440370591,184.766759776536
3.71167885629632,184.925977653631
3.71715330888672,185.062849162011
3.72262776147713,184.991620111732
3.72810221406754,184.998603351955
3.73357666665795,184.829608938547
3.73905111924835,184.677374301676
3.74452557183876,184.529329608939
3.75000002442917,184.405027932961
3.75547447701958,184.241620111732
3.76094892960998,184.117318435754
3.76642338220039,184.128491620112
3.7718978347908,184.081005586592
3.77737228738121,184.053072625698
3.78284673997161,184.036312849162
3.78832119256202,184.09217877095
3.79379564515243,184.231843575419
3.79927009774284,184.244413407821
3.80474455033324,184.331005586592
3.81021900292365,184.395251396648
3.81569345551406,184.432960893855
3.82116790810447,184.469273743017
3.82664236069487,184.439944134078
3.83211681328528,184.460893854749
3.83759126587569,184.596368715084
3.8430657184661,184.635474860335
3.8485401710565,184.819832402235
3.85401462364691,184.953910614525
3.85948907623732,185.162011173184
3.86496352882773,185.377094972067
3.87043798141813,185.539106145251
3.87591243400854,185.719273743017
3.88138688659895,185.885474860335
3.88686133918936,186.027932960894
3.89233579177976,186.074022346369
3.89781024437017,186.064245810056
3.90328469696058,185.967877094972
3.90875914955099,185.833798882682
3.91423360214139,185.708100558659
3.9197080547318,185.525139664804
3.92518250732221,185.356145251397
3.93065695991262,185.293296089385
3.93613141250302,185.162011173184
3.94160586509343,185.174581005587
3.94708031768384,185.217877094972
3.95255477027425,185.34217877095
3.95802922286465,185.52094972067
3.96350367545506,185.740223463687
3.96897812804547,185.981843575419
3.97445258063588,186.308659217877
3.97992703322628,186.43156424581
3.98540148581669,186.708100558659
3.9908759384071,186.801675977654
3.99635039099751,186.994413407821
4.00182484358792,187.11312849162
4.00729929617832,187.135474860335
4.01277374876873,187.087988826816
4.01824820135914,187.079608938547
4.02372265394955,187.118715083799
4.02919710653995,187.192737430168
4.03467155913036,187.312849162011
4.04014601172077,187.490223463687
4.04562046431118,187.782122905028
4.05109491690158,188.101955307263
4.05656936949199,188.509776536313
4.0620438220824,188.983240223464
4.06751827467281,189.497206703911
4.07299272726321,189.949720670391
4.07846717985362,190.469273743017
4.08394163244403,190.875698324022
4.08941608503444,191.230446927374
4.09489053762484,191.525139664804
4.10036499021525,191.724860335196
