"Date: 10/31/2018 1:38:46 PM"
0
#TRUE#,#FALSE#,#FALSE#
#TRUE#
128,127.75,127.999972877318
"E:\Standards_2_3_mm_BMP\Coral_2_1_10_std1A.bmp"
""
394,685,1067,678,1062,180,389,187
674
0,136.913827655311
7.81250165543751E-03,136.865731462926
.015625003310875,136.811623246493
2.34375049663125E-02,136.759519038076
3.12500066217501E-02,136.759519038076
3.90625082771876E-02,136.713426853707
4.68750099326251E-02,136.65130260521
5.46875115880626E-02,136.635270541082
6.25000132435001E-02,136.721442885772
7.03125148989376E-02,136.793587174349
7.81250165543751E-02,136.785571142285
8.59375182098126E-02,136.831663326653
9.37500198652502E-02,136.881763527054
.101562521520688,136.959919839679
.109375023176125,137.056112224449
.117187524831563,137.094188376753
.125000026487,137.148296593186
.132812528142438,137.218436873747
.140625029797875,137.294589178357
.148437531453313,137.402805611222
.15625003310875,137.450901803607
.164062534764188,137.412825651303
.171875036419625,137.486973947896
.179687538075063,137.5250501002
.1875000397305,137.527054108216
.195312541385938,137.486973947896
.203125043041375,137.462925851703
.210937544696813,137.386773547094
.21875004635225,137.360721442886
.226562548007688,137.256513026052
.234375049663125,137.14629258517
.242187551318563,136.977955911824
.250000052974,136.829659318637
.257812554629438,136.605210420842
.265625056284875,136.492985971944
.273437557940313,136.298597194389
.28125005959575,136.152304609218
.289062561251188,135.971943887776
.296875062906626,135.811623246493
.304687564562063,135.703406813627
.312500066217501,135.65130260521
.320312567872938,135.533066132265
.328125069528376,135.5250501002
.335937571183813,135.519038076152
.343750072839251,135.521042084168
.351562574494688,135.531062124249
.359375076150126,135.597194388778
.367187577805563,135.63126252505
.375000079461001,135.705410821643
.382812581116438,135.771543086172
.390625082771876,135.795591182365
.398437584427313,135.849699398798
.406250086082751,135.917835671343
.414062587738188,135.981963927856
.421875089393626,136.034068136273
.429687591049063,136.012024048096
.437500092704501,136.050100200401
.445312594359938,136.072144288577
.453125096015376,136.060120240481
.460937597670813,136.082164328657
.468750099326251,136.058116232465
.476562600981688,136.006012024048
.484375102637126,135.951903807615
.492187604292563,135.855711422846
.500000105948001,135.807615230461
.507812607603438,135.753507014028
.515625109258876,135.653306613226
.523437610914313,135.587174348697
.531250112569751,135.501002004008
.539062614225188,135.382765531062
.546875115880626,135.286573146293
.554687617536063,135.218436873747
.562500119191501,135.122244488978
.570312620846938,135.028056112224
.578125122502376,134.951903807615
.585937624157813,134.871743486974
.593750125813251,134.783567134269
.601562627468688,134.687374749499
.609375129124126,134.61122244489
.617187630779564,134.577154308617
.625000132435001,134.531062124249
.632812634090439,134.436873747495
.640625135745876,134.434869739479
.648437637401314,134.402805611222
.656250139056751,134.39879759519
.664062640712189,134.35871743487
.671875142367626,134.382765531062
.679687644023064,134.382765531062
.687500145678501,134.38877755511
.695312647333939,134.442885771543
.703125148989376,134.444889779559
.710937650644814,134.4749498998
.718750152300251,134.496993987976
.726562653955689,134.492985971944
.734375155611126,134.527054108216
.742187657266564,134.547094188377
.750000158922001,134.555110220441
.757812660577439,134.519038076152
.765625162232876,134.480961923848
.773437663888314,134.436873747495
.781250165543751,134.350701402806
.789062667199189,134.310621242485
.796875168854626,134.228456913828
.804687670510064,134.10621242485
.812500172165501,134.114228456914
.820312673820939,133.96993987976
.828125175476376,133.889779559118
.835937677131814,133.813627254509
.843750178787251,133.735470941884
.851562680442689,133.705410821643
.859375182098126,133.717434869739
.867187683753564,133.703406813627
.875000185409001,133.693386773547
.882812687064439,133.751503006012
.890625188719877,133.819639278557
.898437690375314,134.03006012024
.906250192030752,134.156312625251
.914062693686189,134.294589178357
.921875195341627,134.444889779559
.929687696997064,134.653306613226
.937500198652502,134.827655310621
.945312700307939,134.97995991984
.953125201963377,135.054108216433
.960937703618814,135.132264529058
.968750205274252,135.188376753507
.976562706929689,135.194388777555
.984375208585127,135.194388777555
.992187710240564,135.118236472946
1.000000211896,135.018036072144
1.00781271355144,134.905811623247
1.01562521520688,134.815631262525
1.02343771686231,134.665330661323
1.03125021851775,134.509018036072
1.03906272017319,134.350701402806
1.04687522182863,134.198396793587
1.05468772348406,134.074148296593
1.0625002251395,133.949899799599
1.07031272679494,133.723446893788
1.07812522845038,133.597194388778
1.08593773010581,133.486973947896
1.09375023176125,133.350701402806
1.10156273341669,133.198396793587
1.10937523507213,133.044088176353
1.11718773672756,132.995991983968
1.125000238383,132.895791583166
1.13281274003844,132.861723446894
1.14062524169388,132.825651302605
1.14843774334931,132.831663326653
1.15625024500475,132.86372745491
1.16406274666019,132.845691382766
1.17187524831563,132.931863727455
1.17968774997106,133.070140280561
1.1875002516265,133.162324649299
1.19531275328194,133.35871743487
1.20312525493738,133.476953907816
1.21093775659281,133.629258517034
1.21875025824825,133.817635270541
1.22656275990369,133.961923847695
1.23437526155913,134.118236472946
1.24218776321456,134.286573146293
1.25000026487,134.452905811623
1.25781276652544,134.619238476954
1.26562526818088,134.745490981964
1.27343776983631,134.845691382766
1.28125027149175,135.042084168337
1.28906277314719,135.202404809619
1.29687527480263,135.414829659319
1.30468777645806,135.563126252505
1.3125002781135,135.807615230461
1.32031277976894,136.012024048096
1.32812528142438,136.244488977956
1.33593778307981,136.438877755511
1.34375028473525,136.603206412826
1.35156278639069,136.753507014028
1.35937528804613,136.945891783567
1.36718778970156,137.032064128257
1.375000291357,137.102204408818
1.38281279301244,137.084168336673
1.39062529466788,137.088176352705
1.39843779632331,137
1.40625029797875,136.891783567134
1.41406279963419,136.729458917836
1.42187530128963,136.535070140281
1.42968780294506,136.296593186373
1.4375003046005,136.076152304609
1.44531280625594,135.889779559118
1.45312530791138,135.689378757515
1.46093780956681,135.376753507014
1.46875031122225,135.204408817635
1.47656281287769,135.022044088176
1.48437531453313,134.735470941884
1.49218781618857,134.509018036072
1.500000317844,134.332665330661
1.50781281949944,134.164328657315
1.51562532115488,133.931863727455
1.52343782281032,133.77755511022
1.53125032446575,133.625250501002
1.53906282612119,133.460921843687
1.54687532777663,133.318637274549
1.55468782943207,133.236472945892
1.5625003310875,133.236472945892
1.57031283274294,133.274549098196
1.57812533439838,133.270541082164
1.58593783605382,133.434869739479
1.59375033770925,133.571142284569
1.60156283936469,133.763527054108
1.60937534102013,134.03006012024
1.61718784267557,134.224448897796
1.625000344331,134.490981963928
1.63281284598644,134.735470941884
1.64062534764188,134.985971943888
1.64843784929732,135.156312625251
1.65625035095275,135.320641282565
1.66406285260819,135.490981963928
1.67187535426363,135.599198396794
1.67968785591907,135.745490981964
1.6875003575745,135.813627254509
1.69531285922994,135.871743486974
1.70312536088538,135.991983967936
1.71093786254082,136.024048096192
1.71875036419625,136.170340681363
1.72656286585169,136.280561122244
1.73437536750713,136.412825651303
1.74218786916257,136.462925851703
1.750000370818,136.591182364729
1.75781287247344,136.655310621242
1.76562537412888,136.739478957916
1.77343787578432,136.887775551102
1.78125037743975,136.923847695391
1.78906287909519,136.951903807615
1.79687538075063,137.064128256513
1.80468788240607,137.02004008016
1.8125003840615,137.084168336673
1.82031288571694,137.076152304609
1.82812538737238,137.002004008016
1.83593788902782,136.965931863727
1.84375039068325,136.937875751503
1.85156289233869,136.88376753507
1.85937539399413,136.719438877756
1.86718789564957,136.64128256513
1.875000397305,136.490981963928
1.88281289896044,136.322645290581
1.89062540061588,136.154308617234
1.89843790227132,135.917835671343
1.90625040392675,135.801603206413
1.91406290558219,135.613226452906
1.92187540723763,135.376753507014
1.92968790889307,135.316633266533
1.9375004105485,135.226452905812
1.94531291220394,135.204408817635
1.95312541385938,135.278557114228
1.96093791551482,135.424849699399
1.96875041717025,135.595190380762
1.97656291882569,135.761523046092
1.98437542048113,136.016032064128
1.99218792213657,136.260521042084
2.000000423792,136.478957915832
2.00781292544744,136.625250501002
2.01562542710288,136.803607214429
2.02343792875832,136.941883767535
2.03125043041375,137.040080160321
2.03906293206919,137.060120240481
2.04687543372463,137.072144288577
2.05468793538007,136.951903807615
2.0625004370355,136.895791583166
2.07031293869094,136.835671342685
2.07812544034638,136.733466933868
2.08593794200182,136.741482965932
2.09375044365725,136.753507014028
2.10156294531269,136.715430861723
2.10937544696813,136.739478957916
2.11718794862357,136.875751503006
2.125000450279,136.971943887776
2.13281295193444,137.068136272545
2.14062545358988,137.172344689379
2.14843795524532,137.298597194389
2.15625045690075,137.414829659319
2.16406295855619,137.49498997996
2.17187546021163,137.509018036072
2.17968796186707,137.555110220441
2.1875004635225,137.480961923848
2.19531296517794,137.380761523046
2.20312546683338,137.328657314629
2.21093796848882,137.148296593186
2.21875047014425,137.058116232465
2.22656297179969,136.875751503006
2.23437547345513,136.77755511022
2.24218797511057,136.741482965932
2.250000476766,136.683366733467
2.25781297842144,136.663326653307
2.26562548007688,136.749498997996
2.27343798173232,136.819639278557
2.28125048338775,136.941883767535
2.28906298504319,137.072144288577
2.29687548669863,137.25250501002
2.30468798835407,137.432865731463
2.3125004900095,137.653306613226
2.32031299166494,137.807615230461
2.32812549332038,138.004008016032
2.33593799497582,138.134268537074
2.34375049663125,138.318637274549
2.35156299828669,138.422845691383
2.35937549994213,138.587174348697
2.36718800159757,138.633266533066
2.375000503253,138.781563126253
2.38281300490844,138.869739478958
2.39062550656388,138.919839679359
2.39843800821932,139.034068136273
2.40625050987475,139.154308617234
2.41406301153019,139.240480961924
2.42187551318563,139.318637274549
2.42968801484107,139.438877755511
2.4375005164965,139.48496993988
2.44531301815194,139.5250501002
2.45312551980738,139.509018036072
2.46093802146282,139.545090180361
2.46875052311825,139.529058116232
2.47656302477369,139.498997995992
2.48437552642913,139.446893787575
2.49218802808457,139.318637274549
2.50000052974,139.254509018036
2.50781303139544,139.260521042084
2.51562553305088,139.238476953908
2.52343803470632,139.286573146293
2.53125053636175,139.298597194389
2.53906303801719,139.36873747495
2.54687553967263,139.549098196393
2.55468804132807,139.833667334669
2.5625005429835,140.134268537074
2.57031304463894,140.35871743487
2.57812554629438,140.689378757515
2.58593804794982,140.965931863727
2.59375054960525,141.296593186373
2.60156305126069,141.543086172345
2.60937555291613,141.719438877756
2.61718805457157,141.869739478958
2.625000556227,141.965931863727
2.63281305788244,141.957915831663
2.64062555953788,141.875751503006
2.64843806119332,141.677354709419
2.65625056284875,141.549098196393
2.66406306450419,141.322645290581
2.67187556615963,141.026052104208
2.67968806781507,140.773547094188
2.6875005694705,140.464929859719
2.69531307112594,140.25250501002
2.70312557278138,140.036072144289
2.71093807443682,139.849699398798
2.71875057609225,139.76753507014
2.72656307774769,139.733466933868
2.73437557940313,139.74749498998
2.74218808105857,139.889779559118
2.750000582714,140.048096192385
2.75781308436944,140.230460921844
2.76562558602488,140.430861723447
2.77343808768032,140.691382765531
2.78125058933575,140.967935871743
2.78906309099119,141.236472945892
2.79687559264663,141.458917835671
2.80468809430207,141.677354709419
2.8125005959575,141.829659318637
2.82031309761294,142.01002004008
2.82812559926838,142.046092184369
2.83593810092382,142.060120240481
2.84375060257925,142.03006012024
2.85156310423469,141.929859719439
2.85937560589013,141.799599198397
2.86718810754557,141.653306613226
2.875000609201,141.470941883768
2.88281311085644,141.244488977956
2.89062561251188,141.024048096192
2.89843811416732,140.77755511022
2.90625061582276,140.529058116232
2.91406311747819,140.298597194389
2.92187561913363,140.082164328657
2.92968812078907,139.771543086172
2.9375006224445,139.555110220441
2.94531312409994,139.412825651303
2.95312562575538,139.25250501002
2.96093812741082,139.038076152305
2.96875062906626,138.875751503006
2.97656313072169,138.721442885772
2.98437563237713,138.61122244489
2.99218813403257,138.426853707415
3.000000635688,138.394789579158
3.00781313734344,138.302605210421
3.01562563899888,138.322645290581
3.02343814065432,138.308617234469
3.03125064230976,138.370741482966
3.03906314396519,138.464929859719
3.04687564562063,138.585170340681
3.05468814727607,138.813627254509
3.06250064893151,139.018036072144
3.07031315058694,139.228456913828
3.07812565224238,139.537074148297
3.08593815389782,139.819639278557
3.09375065555326,140.148296593186
3.10156315720869,140.458917835671
3.10937565886413,140.701402805611
3.11718816051957,141.028056112224
3.12500066217501,141.316633266533
3.13281316383044,141.639278557114
3.14062566548588,141.835671342685
3.14843816714132,142.148296593186
3.15625066879676,142.344689378758
3.16406317045219,142.551102204409
3.17187567210763,142.743486973948
3.17968817376307,142.885771543086
3.18750067541851,142.981963927856
3.19531317707394,143.072144288577
3.20312567872938,143.014028056112
3.21093818038482,142.96993987976
3.21875068204026,142.827655310621
3.22656318369569,142.649298597194
3.23437568535113,142.4749498998
3.24218818700657,142.150300601202
3.25000068866201,141.829659318637
3.25781319031744,141.492985971944
3.26562569197288,141.100200400802
3.27343819362832,140.775551102204
3.28125069528376,140.432865731463
3.28906319693919,140.174348697395
3.29687569859463,139.901803607214
3.30468820025007,139.761523046092
3.31250070190551,139.685370741483
3.32031320356094,139.617234468938
3.32812570521638,139.697394789579
3.33593820687182,139.793587174349
3.34375070852726,139.919839679359
3.35156321018269,140.088176352705
3.35937571183813,140.320641282565
3.36718821349357,140.553106212425
3.37500071514901,140.783567134269
3.38281321680444,140.937875751503
3.39062571845988,141.142284569138
3.39843822011532,141.226452905812
3.40625072177076,141.248496993988
3.41406322342619,141.280561122244
3.42187572508163,141.264529058116
3.42968822673707,141.290581162325
3.43750072839251,141.176352705411
3.44531323004794,141.090180360721
3.45312573170338,140.929859719439
3.46093823335882,140.785571142285
3.46875073501426,140.675350701403
3.47656323666969,140.527054108216
3.48437573832513,140.468937875751
3.49218823998057,140.340681362725
3.50000074163601,140.25250501002
3.50781324329144,140.212424849699
3.51562574494688,140.042084168337
3.52343824660232,140.040080160321
3.53125074825776,139.987975951904
3.53906324991319,139.947895791583
3.54687575156863,139.921843687375
3.55468825322407,139.879759519038
3.56250075487951,139.97995991984
3.57031325653494,140.012024048096
3.57812575819038,140.154308617234
3.58593825984582,140.290581162325
3.59375076150126,140.472945891784
3.60156326315669,140.781563126253
3.60937576481213,141.072144288577
3.61718826646757,141.394789579158
3.62500076812301,141.751503006012
3.63281326977844,142.088176352705
3.64062577143388,142.478957915832
3.64843827308932,142.907815631263
3.65625077474476,143.2625250501
3.66406327640019,143.623246492986
3.67187577805563,143.951903807615
3.67968827971107,144.248496993988
3.68750078136651,144.575150300601
3.69531328302194,144.847695390782
3.70312578467738,145.11623246493
3.71093828633282,145.34869739479
3.71875078798826,145.547094188377
3.72656328964369,145.725450901804
3.73437579129913,145.957915831663
3.74218829295457,146.170340681363
3.75000079461001,146.346693386774
3.75781329626544,146.511022044088
3.76562579792088,146.663326653307
3.77343829957632,146.841683366733
3.78125080123176,146.993987975952
3.78906330288719,147.150300601202
3.79687580454263,147.312625250501
3.80468830619807,147.527054108216
3.81250080785351,147.579158316633
3.82031330950894,147.635270541082
3.82812581116438,147.775551102204
3.83593831281982,147.789579158317
3.84375081447526,147.833667334669
3.85156331613069,147.831663326653
3.85937581778613,147.763527054108
3.86718831944157,147.635270541082
3.87500082109701,147.50501002004
3.88281332275244,147.294589178357
3.89062582440788,147.012024048096
3.89843832606332,146.743486973948
3.90625082771876,146.38877755511
3.91406332937419,145.985971943888
3.92187583102963,145.537074148297
3.92968833268507,145.10621242485
3.93750083434051,144.701402805611
3.94531333599594,144.304609218437
3.95312583765138,143.885771543086
3.96093833930682,143.571142284569
3.96875084096226,143.204408817635
3.97656334261769,142.97995991984
3.98437584427313,142.689378757515
3.99218834592857,142.519038076152
4.00000084758401,142.352705410822
4.00781334923944,142.216432865731
4.01562585089488,142.174348697395
4.02343835255032,142.112224448898
4.03125085420576,142.084168336673
4.03906335586119,142.118236472946
4.04687585751663,142.178356713427
4.05468835917207,142.2625250501
4.06250086082751,142.316633266533
4.07031336248294,142.420841683367
4.07812586413838,142.527054108216
4.08593836579382,142.63126252505
4.09375086744926,142.731462925852
4.10156336910469,142.775551102204
4.10937587076013,142.855711422846
4.11718837241557,142.957915831663
4.12500087407101,143
4.13281337572644,143.03006012024
4.14062587738188,143.048096192385
4.14843837903732,143.048096192385
4.15625088069276,143.050100200401
4.16406338234819,143.052104208417
4.17187588400363,143.064128256513
4.17968838565907,143.01002004008
4.18750088731451,143.072144288577
4.19531338896994,143.050100200401
4.20312589062538,143.102204408818
4.21093839228082,143.068136272545
4.21875089393626,143.11623246493
4.2265633955917,143.178356713427
4.23437589724713,143.200400801603
4.24218839890257,143.250501002004
4.25000090055801,143.234468937876
4.25781340221344,143.246492985972
4.26562590386888,143.260521042084
4.27343840552432,143.322645290581
4.28125090717976,143.260521042084
4.28906340883519,143.186372745491
4.29687591049063,143.060120240481
4.30468841214607,143.068136272545
4.31250091380151,142.96993987976
4.32031341545694,142.859719438878
4.32812591711238,142.687374749499
4.33593841876782,142.625250501002
4.34375092042326,142.49498997996
4.3515634220787,142.370741482966
4.35937592373413,142.218436873747
4.36718842538957,142.12625250501
4.37500092704501,141.985971943888
4.38281342870044,141.907815631263
4.39062593035588,141.815631262525
4.39843843201132,141.7374749499
4.40625093366676,141.633266533066
4.41406343532219,141.531062124249
4.42187593697763,141.541082164329
4.42968843863307,141.521042084168
4.43750094028851,141.49498997996
4.44531344194395,141.488977955912
4.45312594359938,141.567134268537
4.46093844525482,141.655310621242
4.46875094691026,141.785571142285
4.4765634485657,141.889779559118
4.48437595022113,142.058116232465
4.49218845187657,142.236472945892
4.50000095353201,142.49498997996
4.50781345518744,142.669338677355
4.51562595684288,142.913827655311
4.52343845849832,143.180360721443
4.53125096015376,143.458917835671
4.5390634618092,143.677354709419
4.54687596346463,143.891783567134
4.55468846512007,144.172344689379
4.56250096677551,144.39879759519
4.57031346843095,144.565130260521
4.57812597008638,144.745490981964
4.58593847174182,144.991983967936
4.59375097339726,145.140280561122
4.6015634750527,145.304609218437
4.60937597670813,145.480961923848
4.61718847836357,145.61122244489
4.62500098001901,145.781563126253
4.63281348167444,145.849699398798
4.64062598332988,145.965931863727
4.64843848498532,146.018036072144
4.65625098664076,145.959919839679
4.6640634882962,145.945891783567
4.67187598995163,145.911823647295
4.67968849160707,145.787575150301
4.68750099326251,145.647294589178
4.69531349491795,145.496993987976
4.70312599657338,145.312625250501
4.71093849822882,145.094188376753
4.71875099988426,144.87374749499
4.7265635015397,144.629258517034
4.73437600319513,144.386773547094
4.74218850485057,144.186372745491
4.75000100650601,143.993987975952
4.75781350816145,143.831663326653
4.76562600981688,143.671342685371
4.77343851147232,143.507014028056
4.78125101312776,143.442885771543
4.7890635147832,143.362725450902
4.79687601643863,143.344689378758
4.80468851809407,143.370741482966
4.81250101974951,143.4749498998
4.82031352140495,143.579158316633
4.82812602306038,143.743486973948
4.83593852471582,143.923847695391
4.84375102637126,144.226452905812
4.8515635280267,144.567134268537
4.85937602968213,144.941883767535
4.86718853133757,145.298597194389
4.87500103299301,145.749498997996
4.88281353464845,146.122244488978
4.89062603630388,146.65130260521
4.89843853795932,147.054108216433
4.90625103961476,147.511022044088
4.9140635412702,147.935871743487
4.92187604292563,148.338677354709
4.92968854458107,148.60120240481
4.93750104623651,148.849699398798
4.94531354789195,149.016032064128
4.95312604954738,149.114228456914
4.96093855120282,149.182364729459
4.96875105285826,149.142284569138
4.9765635545137,149.014028056112
4.98437605616913,148.795591182365
4.99218855782457,148.657314629259
5.00000105948001,148.406813627255
5.00781356113545,148.278557114228
5.01562606279088,148.072144288577
5.02343856444632,147.849699398798
5.03125106610176,147.697394789579
5.0390635677572,147.697394789579
5.04687606941263,147.759519038076
5.05468857106807,147.859719438878
5.06250107272351,148
5.07031357437895,148.220440881764
5.07812607603438,148.460921843687
5.08593857768982,148.751503006012
5.09375107934526,149.088176352705
5.1015635810007,149.410821643287
5.10937608265613,149.779559118236
5.11718858431157,149.959919839679
5.12500108596701,150.300601202405
5.13281358762245,150.466933867735
5.14062608927788,150.655310621242
5.14843859093332,150.77755511022
5.15625109258876,150.901803607214
5.1640635942442,150.921843687375
5.17187609589963,150.857715430862
5.17968859755507,150.851703406814
5.18750109921051,150.639278557114
5.19531360086595,150.503006012024
5.20312610252138,150.316633266533
5.21093860417682,150.154308617234
5.21875110583226,149.891783567134
5.2265636074877,149.605210420842
5.23437610914313,149.37875751503
5.24218861079857,149.09619238477
5.25000111245401,148.785571142285
5.25781361410945,148.511022044088
