"Date: 10/31/2018 1:35:07 PM"
0
#TRUE#,#FALSE#,#FALSE#
#TRUE#
131.666666666667,131.666666666667,131.666666666667
"E:\Standards_2_3_mm_BMP\Coral_2_1_3_std3A.bmp"
""
226,635,789,641,795,107,232,101
564
0,186.044859813084
7.59493670886076E-03,186.209345794393
1.51898734177215E-02,186.308411214953
2.27848101265823E-02,186.371962616822
.030379746835443,186.448598130841
3.79746835443038E-02,186.452336448598
4.55696202531646E-02,186.424299065421
5.31645569620253E-02,186.334579439252
6.07594936708861E-02,186.261682242991
6.83544303797468E-02,186.11214953271
7.59493670886076E-02,186.042990654206
8.35443037974684E-02,185.88785046729
9.11392405063291E-02,185.83738317757
9.87341772151899E-02,185.768224299065
.106329113924051,185.788785046729
.113924050632911,185.790654205607
.121518987341772,185.92523364486
.129113924050633,185.971962616822
.136708860759494,186.11214953271
.144303797468354,186.261682242991
.151898734177215,186.442990654206
.159493670886076,186.530841121495
.167088607594937,186.61308411215
.174683544303797,186.743925233645
.182278481012658,186.942056074766
.189873417721519,187.014953271028
.19746835443038,187.168224299065
.205063291139241,187.377570093458
.212658227848101,187.532710280374
.220253164556962,187.682242990654
.227848101265823,187.854205607477
.235443037974684,188.033644859813
.243037974683544,188.246728971963
.250632911392405,188.478504672897
.258227848101266,188.624299065421
.265822784810127,188.872897196262
.273417721518987,189.039252336449
.281012658227848,189.297196261682
.288607594936709,189.459813084112
.29620253164557,189.631775700935
.30379746835443,189.811214953271
.311392405063291,189.934579439252
.318987341772152,190.054205607477
.326582278481013,190.171962616822
.334177215189873,190.278504672897
.341772151898734,190.405607476636
.349367088607595,190.517757009346
.356962025316456,190.620560747664
.364556962025316,190.736448598131
.372151898734177,190.788785046729
.379746835443038,190.867289719626
.387341772151899,190.966355140187
.39493670886076,191.065420560748
.40253164556962,191.134579439252
.410126582278481,191.203738317757
.417721518987342,191.27476635514
.425316455696203,191.314018691589
.432911392405063,191.36261682243
.440506329113924,191.41308411215
.448101265822785,191.465420560748
.455696202531646,191.506542056075
.463291139240506,191.588785046729
.470886075949367,191.622429906542
.478481012658228,191.727102803738
.486075949367089,191.728971962617
.493670886075949,191.81308411215
.50126582278481,191.900934579439
.508860759493671,191.943925233645
.516455696202532,192.014953271028
.524050632911392,192.076635514019
.531645569620253,192.143925233645
.539240506329114,192.233644859813
.546835443037975,192.224299065421
.554430379746836,192.259813084112
.562025316455696,192.282242990654
.569620253164557,192.27476635514
.577215189873418,192.297196261682
.584810126582278,192.304672897196
.592405063291139,192.278504672897
.6,192.300934579439
.607594936708861,192.295327102804
.615189873417722,192.328971962617
.622784810126582,192.285981308411
.630379746835443,192.338317757009
.637974683544304,192.342056074766
.645569620253165,192.342056074766
.653164556962025,192.360747663551
.660759493670886,192.334579439252
.668354430379747,192.373831775701
.675949367088608,192.321495327103
.683544303797468,192.306542056075
.691139240506329,192.272897196262
.69873417721519,192.308411214953
.706329113924051,192.248598130841
.713924050632911,192.21308411215
.721518987341772,192.224299065421
.729113924050633,192.226168224299
.736708860759494,192.233644859813
.744303797468355,192.239252336449
.751898734177215,192.291588785047
.759493670886076,192.338317757009
.767088607594937,192.416822429907
.774683544303797,192.444859813084
.782278481012658,192.485981308411
.789873417721519,192.540186915888
.79746835443038,192.605607476636
.805063291139241,192.672897196262
.812658227848101,192.74953271028
.820253164556962,192.766355140187
.827848101265823,192.766355140187
.835443037974684,192.820560747664
.843037974683544,192.842990654206
.850632911392405,192.87476635514
.858227848101266,192.869158878505
.865822784810127,192.871028037383
.873417721518987,192.880373831776
.881012658227848,192.856074766355
.888607594936709,192.83738317757
.89620253164557,192.835514018692
.90379746835443,192.85046728972
.911392405063291,192.867289719626
.918987341772152,192.826168224299
.926582278481013,192.805607476636
.934177215189874,192.803738317757
.941772151898734,192.820560747664
.949367088607595,192.807476635514
.956962025316456,192.844859813084
.964556962025316,192.867289719626
.972151898734177,192.885981308411
.979746835443038,192.893457943925
.987341772151899,192.96261682243
.99493670886076,192.990654205607
1.00253164556962,193.056074766355
1.01012658227848,193.091588785047
1.01772151898734,193.173831775701
1.0253164556962,193.2
1.03291139240506,193.254205607477
1.04050632911392,193.284112149533
1.04810126582278,193.353271028037
1.05569620253165,193.409345794393
1.06329113924051,193.452336448598
1.07088607594937,193.485981308411
1.07848101265823,193.536448598131
1.08607594936709,193.639252336449
1.09367088607595,193.680373831776
1.10126582278481,193.753271028037
1.10886075949367,193.771962616822
1.11645569620253,193.85046728972
1.12405063291139,193.880373831776
1.13164556962025,193.923364485981
1.13924050632911,193.919626168224
1.14683544303797,193.908411214953
1.15443037974684,193.947663551402
1.1620253164557,193.921495327103
1.16962025316456,193.942056074766
1.17721518987342,193.942056074766
1.18481012658228,193.895327102804
1.19240506329114,193.904672897196
1.2,193.880373831776
1.20759493670886,193.921495327103
1.21518987341772,193.919626168224
1.22278481012658,193.960747663551
1.23037974683544,193.968224299065
1.2379746835443,193.970093457944
1.24556962025316,194.054205607477
1.25316455696203,194.065420560748
1.26075949367089,194.072897196262
1.26835443037975,194.100934579439
1.27594936708861,194.166355140187
1.28354430379747,194.211214953271
1.29113924050633,194.276635514019
1.29873417721519,194.285981308411
1.30632911392405,194.332710280374
1.31392405063291,194.332710280374
1.32151898734177,194.366355140187
1.32911392405063,194.394392523364
1.33670886075949,194.38691588785
1.34430379746835,194.368224299065
1.35189873417722,194.377570093458
1.35949367088608,194.332710280374
1.36708860759494,194.343925233645
1.3746835443038,194.368224299065
1.38227848101266,194.327102803738
1.38987341772152,194.302803738318
1.39746835443038,194.327102803738
1.40506329113924,194.317757009346
1.4126582278481,194.327102803738
1.42025316455696,194.285981308411
1.42784810126582,194.315887850467
1.43544303797468,194.297196261682
1.44303797468354,194.23738317757
1.45063291139241,194.136448598131
1.45822784810127,194.115887850467
1.46582278481013,194.052336448598
1.47341772151899,194.026168224299
1.48101265822785,193.953271028037
1.48860759493671,193.893457943925
1.49620253164557,193.906542056075
1.50379746835443,193.833644859813
1.51139240506329,193.835514018692
1.51898734177215,193.852336448598
1.52658227848101,193.865420560748
1.53417721518987,193.882242990654
1.54177215189873,193.897196261682
1.54936708860759,193.942056074766
1.55696202531646,193.992523364486
1.56455696202532,194.046728971963
1.57215189873418,194.130841121495
1.57974683544304,194.168224299065
1.5873417721519,194.211214953271
1.59493670886076,194.218691588785
1.60253164556962,194.256074766355
1.61012658227848,194.276635514019
1.61772151898734,194.280373831776
1.6253164556962,194.269158878505
1.63291139240506,194.282242990654
1.64050632911392,194.228037383178
1.64810126582278,194.295327102804
1.65569620253165,194.228037383178
1.66329113924051,194.263551401869
1.67088607594937,194.244859813084
1.67848101265823,194.259813084112
1.68607594936709,194.261682242991
1.69367088607595,194.261682242991
1.70126582278481,194.299065420561
1.70886075949367,194.358878504673
1.71645569620253,194.340186915888
1.72405063291139,194.364485981308
1.73164556962025,194.405607476636
1.73924050632911,194.45046728972
1.74683544303797,194.480373831776
1.75443037974684,194.515887850467
1.7620253164557,194.506542056075
1.76962025316456,194.517757009346
1.77721518987342,194.527102803738
1.78481012658228,194.504672897196
1.79240506329114,194.480373831776
1.8,194.500934579439
1.80759493670886,194.485981308411
1.81518987341772,194.452336448598
1.82278481012658,194.504672897196
1.83037974683544,194.469158878505
1.8379746835443,194.485981308411
1.84556962025316,194.472897196262
1.85316455696203,194.471028037383
1.86075949367089,194.47476635514
1.86835443037975,194.41308411215
1.87594936708861,194.364485981308
1.88354430379747,194.414953271028
1.89113924050633,194.36261682243
1.89873417721519,194.299065420561
1.90632911392405,194.205607476636
1.91392405063291,194.143925233645
1.92151898734177,194.05046728972
1.92911392405063,193.981308411215
1.93670886075949,193.878504672897
1.94430379746835,193.829906542056
1.95189873417722,193.708411214953
1.95949367088608,193.663551401869
1.96708860759494,193.596261682243
1.9746835443038,193.581308411215
1.98227848101266,193.551401869159
1.98987341772152,193.581308411215
1.99746835443038,193.596261682243
2.00506329113924,193.65046728972
2.0126582278481,193.72523364486
2.02025316455696,193.796261682243
2.02784810126582,193.859813084112
2.03544303797468,193.91214953271
2.04303797468354,194.033644859813
2.05063291139241,194.132710280374
2.05822784810127,194.214953271028
2.06582278481013,194.310280373832
2.07341772151899,194.392523364486
2.08101265822785,194.431775700935
2.08860759493671,194.51214953271
2.09620253164557,194.58691588785
2.10379746835443,194.624299065421
2.11139240506329,194.65046728972
2.11898734177215,194.682242990654
2.12658227848101,194.669158878505
2.13417721518987,194.708411214953
2.14177215189873,194.734579439252
2.1493670886076,194.777570093458
2.15696202531646,194.807476635514
2.16455696202532,194.792523364486
2.17215189873418,194.822429906542
2.17974683544304,194.859813084112
2.1873417721519,194.824299065421
2.19493670886076,194.794392523364
2.20253164556962,194.734579439252
2.21012658227848,194.747663551402
2.21772151898734,194.74953271028
2.2253164556962,194.61308411215
2.23291139240506,194.592523364486
2.24050632911392,194.528971962617
2.24810126582278,194.454205607477
2.25569620253165,194.314018691589
2.26329113924051,194.263551401869
2.27088607594937,194.145794392523
2.27848101265823,194.031775700935
2.28607594936709,193.900934579439
2.29367088607595,193.8
2.30126582278481,193.68785046729
2.30886075949367,193.536448598131
2.31645569620253,193.360747663551
2.32405063291139,193.265420560748
2.33164556962025,193.114018691589
2.33924050632911,192.964485981308
2.34683544303797,192.818691588785
2.35443037974684,192.598130841122
2.3620253164557,192.433644859813
2.36962025316456,192.291588785047
2.37721518987342,192.142056074766
2.38481012658228,191.990654205607
2.39240506329114,191.727102803738
2.4,191.530841121495
2.40759493670886,191.343925233645
2.41518987341772,191.196261682243
2.42278481012658,191.057943925234
2.43037974683544,190.884112149533
2.4379746835443,190.738317757009
2.44556962025316,190.609345794393
2.45316455696203,190.48785046729
2.46075949367089,190.43738317757
2.46835443037975,190.357009345794
2.47594936708861,190.27476635514
2.48354430379747,190.244859813084
2.49113924050633,190.203738317757
2.49873417721519,190.233644859813
2.50632911392405,190.171962616822
2.51392405063291,190.209345794393
2.52151898734177,190.259813084112
2.52911392405063,190.284112149533
2.53670886075949,190.355140186916
2.54430379746835,190.439252336449
2.55189873417722,190.478504672897
2.55949367088608,190.585046728972
2.56708860759494,190.665420560748
2.5746835443038,190.736448598131
2.58227848101266,190.831775700935
2.58987341772152,190.897196261682
2.59746835443038,190.988785046729
2.60506329113924,191.065420560748
2.6126582278481,191.155140186916
2.62025316455696,191.201869158879
2.62784810126582,191.261682242991
2.63544303797468,191.38691588785
2.64303797468354,191.41308411215
2.65063291139241,191.472897196262
2.65822784810127,191.558878504673
2.66582278481013,191.644859813084
2.67341772151899,191.717757009346
2.68101265822785,191.740186915888
2.68860759493671,191.78691588785
2.69620253164557,191.921495327103
2.70379746835443,191.985046728972
2.71139240506329,192.003738317757
2.71898734177215,191.992523364486
2.72658227848101,192.039252336449
2.73417721518987,192.042990654206
2.74177215189873,192.039252336449
2.74936708860759,191.966355140187
2.75696202531646,191.917757009346
2.76455696202532,191.835514018692
2.77215189873418,191.8
2.77974683544304,191.689719626168
2.7873417721519,191.532710280374
2.79493670886076,191.433644859813
2.80253164556962,191.351401869159
2.81012658227848,191.242990654206
2.81772151898734,191.175700934579
2.8253164556962,191.063551401869
2.83291139240506,190.977570093458
2.84050632911392,190.871028037383
2.84810126582278,190.730841121495
2.85569620253165,190.639252336449
2.86329113924051,190.566355140187
2.87088607594937,190.446728971963
2.87848101265823,190.304672897196
2.88607594936709,190.194392523364
2.89367088607595,190.035514018692
2.90126582278481,189.938317757009
2.90886075949367,189.796261682243
2.91645569620253,189.631775700935
2.92405063291139,189.499065420561
2.93164556962025,189.353271028037
2.93924050632911,189.261682242991
2.94683544303797,189.130841121495
2.95443037974684,188.977570093458
2.9620253164557,188.914018691589
2.96962025316456,188.822429906542
2.97721518987342,188.743925233645
2.98481012658228,188.685981308411
2.99240506329114,188.642990654206
3,188.609345794393
3.00759493670886,188.622429906542
3.01518987341772,188.605607476636
3.02278481012658,188.626168224299
3.03037974683544,188.648598130841
3.0379746835443,188.700934579439
3.04556962025316,188.768224299065
3.05316455696203,188.876635514019
3.06075949367089,188.977570093458
3.06835443037975,189.065420560748
3.07594936708861,189.181308411215
3.08354430379747,189.332710280374
3.09113924050633,189.478504672897
3.09873417721519,189.620560747664
3.10632911392405,189.74953271028
3.11392405063291,189.882242990654
3.12151898734177,190.065420560748
3.12911392405063,190.222429906542
3.13670886075949,190.360747663551
3.14430379746835,190.515887850467
3.15189873417722,190.702803738318
3.15949367088608,190.872897196262
3.16708860759494,190.988785046729
3.1746835443038,191.151401869159
3.18227848101266,191.293457943925
3.18987341772152,191.428037383178
3.19746835443038,191.553271028037
3.20506329113924,191.663551401869
3.2126582278481,191.811214953271
3.22025316455696,191.923364485981
3.22784810126582,192.028037383178
3.23544303797468,192.099065420561
3.24303797468354,192.211214953271
3.25063291139241,192.306542056075
3.25822784810127,192.366355140187
3.26582278481013,192.418691588785
3.27341772151899,192.493457943925
3.28101265822785,192.530841121495
3.28860759493671,192.570093457944
3.29620253164557,192.6
3.30379746835443,192.680373831776
3.31139240506329,192.736448598131
3.31898734177215,192.730841121495
3.32658227848101,192.768224299065
3.33417721518987,192.841121495327
3.34177215189873,192.880373831776
3.3493670886076,192.88785046729
3.35696202531646,192.861682242991
3.36455696202532,192.820560747664
3.37215189873418,192.816822429907
3.37974683544304,192.770093457944
3.3873417721519,192.699065420561
3.39493670886076,192.652336448598
3.40253164556962,192.566355140187
3.41012658227848,192.47476635514
3.41772151898734,192.347663551402
3.4253164556962,192.21308411215
3.43291139240506,192.136448598131
3.44050632911392,192.026168224299
3.44810126582279,191.932710280374
3.45569620253165,191.811214953271
3.46329113924051,191.676635514019
3.47088607594937,191.583177570093
3.47848101265823,191.495327102804
3.48607594936709,191.476635514019
3.49367088607595,191.4
3.50126582278481,191.4
3.50886075949367,191.32523364486
3.51645569620253,191.330841121495
3.52405063291139,191.328971962617
3.53164556962025,191.34953271028
3.53924050632911,191.353271028037
3.54683544303797,191.383177570093
3.55443037974684,191.405607476636
3.5620253164557,191.461682242991
3.56962025316456,191.542056074766
3.57721518987342,191.639252336449
3.58481012658228,191.697196261682
3.59240506329114,191.751401869159
3.6,191.820560747664
3.60759493670886,191.910280373832
3.61518987341772,191.955140186916
3.62278481012658,191.98691588785
3.63037974683544,192.014953271028
3.6379746835443,192.03738317757
3.64556962025316,192.018691588785
3.65316455696203,191.985046728972
3.66075949367089,191.927102803738
3.66835443037975,191.92523364486
3.67594936708861,191.936448598131
3.68354430379747,191.921495327103
3.69113924050633,191.869158878505
3.69873417721519,191.889719626168
3.70632911392405,191.891588785047
3.71392405063291,191.910280373832
3.72151898734177,191.981308411215
3.72911392405063,192.106542056075
3.73670886075949,192.181308411215
3.74430379746835,192.338317757009
3.75189873417722,192.527102803738
3.75949367088608,192.728971962617
3.76708860759494,192.940186915888
3.7746835443038,193.132710280374
3.78227848101266,193.310280373832
3.78987341772152,193.514018691589
3.79746835443038,193.667289719626
3.80506329113924,193.826168224299
3.8126582278481,194.024299065421
3.82025316455696,194.211214953271
3.82784810126582,194.31214953271
3.83544303797468,194.480373831776
3.84303797468354,194.605607476636
3.85063291139241,194.695327102804
3.85822784810127,194.83738317757
3.86582278481013,194.897196261682
3.87341772151899,195.026168224299
3.88101265822785,195.128971962617
3.88860759493671,195.235514018692
3.89620253164557,195.28785046729
3.90379746835443,195.371962616822
3.91139240506329,195.446728971963
3.91898734177215,195.523364485981
3.92658227848101,195.58691588785
3.93417721518987,195.665420560748
3.94177215189873,195.691588785047
3.9493670886076,195.742056074766
3.95696202531646,195.672897196262
3.96455696202532,195.790654205607
3.97215189873418,195.844859813084
3.97974683544304,195.91214953271
3.9873417721519,195.942056074766
3.99493670886076,195.988785046729
4.00253164556962,196.067289719626
4.01012658227848,196.119626168224
4.01772151898734,196.21308411215
4.0253164556962,196.297196261682
4.03291139240506,196.4
4.04050632911392,196.500934579439
4.04810126582279,196.594392523364
4.05569620253165,196.646728971963
4.06329113924051,196.71214953271
4.07088607594937,196.770093457944
4.07848101265823,196.78691588785
4.08607594936709,196.822429906542
4.09367088607595,196.833644859813
4.10126582278481,196.848598130841
4.10886075949367,196.85046728972
4.11645569620253,196.835514018692
4.12405063291139,196.8
4.13164556962025,196.779439252336
4.13924050632911,196.730841121495
4.14683544303797,196.661682242991
4.15443037974684,196.611214953271
4.1620253164557,196.515887850467
4.16962025316456,196.482242990654
4.17721518987342,196.36261682243
4.18481012658228,196.256074766355
4.19240506329114,196.160747663551
4.2,196.057943925234
4.20759493670886,195.947663551402
4.21518987341772,195.83738317757
4.22278481012658,195.76261682243
4.23037974683544,195.72523364486
4.2379746835443,195.680373831776
4.24556962025317,195.676635514019
4.25316455696203,195.656074766355
4.26075949367089,195.689719626168
4.26835443037975,195.672897196262
4.27594936708861,195.682242990654
