"Date: 10/31/2018 1:47:54 PM"
0
#TRUE#,#FALSE#,#FALSE#
#TRUE#
212.333333333333,212.5,212.333339052921
"E:\Standards_2_3_mm_BMP\Coral_2_3_3_std1B.bmp"
""
416,756,1269,751,1266,159,413,164
854
0,205.539629005059
4.70957601128651E-03,205.451939291737
9.41915202257302E-03,205.143338954469
1.41287280338595E-02,204.386172006745
.018838304045146,203.423271500843
2.35478800564326E-02,202.516020236088
2.82574560677191E-02,201.529510961214
3.29670320790056E-02,200.362563237774
3.76766080902921E-02,199.300168634064
4.23861841015786E-02,198.269814502529
4.70957601128651E-02,197.440134907251
5.18053361241516E-02,196.585160202361
5.65149121354381E-02,195.747048903879
6.12244881467246E-02,195.04215851602
6.59340641580111E-02,194.462057335582
7.06436401692977E-02,193.893760539629
7.53532161805842E-02,193.413153456998
8.00627921918707E-02,192.839797639123
8.47723682031572E-02,192.323777403035
8.94819442144437E-02,191.824620573356
9.41915202257302E-02,191.268128161889
9.89010962370167E-02,190.659359190557
.103610672248303,190.069139966273
.10832024825959,189.468802698145
.113029824270876,188.908937605396
.117739400282163,188.288364249578
.122448976293449,187.777403035413
.127158552304736,187.193929173693
.131868128316022,186.682967959528
.136577704327309,186.22934232715
.141287280338595,185.817875210793
.145996856349882,185.409780775717
.150706432361168,185.10455311973
.155416008372455,184.888701517707
.160125584383741,184.662731871838
.164835160395028,184.50084317032
.169544736406314,184.386172006745
.174254312417601,184.288364249578
.178963888428887,184.160202360877
.183673464440174,184.032040472175
.18838304045146,183.984822934233
.193092616462747,183.946037099494
.197802192474033,183.883642495784
.20251176848532,183.745362563238
.207221344496606,183.706576728499
.211930920507893,183.635750421585
.216640496519179,183.522765598651
.221350072530466,183.392917369309
.226059648541753,183.283305227656
.230769224553039,183.222596964587
.235478800564326,183.129848229342
.240188376575612,183.005059021922
.244897952586899,182.91568296796
.249607528598185,182.85497470489
.254317104609472,182.829679595278
.259026680620758,182.779089376054
.263736256632045,182.768971332209
.268445832643331,182.775716694772
.273155408654618,182.826306913997
.277864984665904,182.952782462057
.282574560677191,183.057335581788
.287284136688477,183.225969645868
.291993712699764,183.399662731872
.29670328871105,183.610455311973
.301412864722337,183.89544688027
.306122440733623,184.172006745363
.31083201674491,184.537942664418
.315541592756196,184.885328836425
.320251168767483,185.273187183811
.324960744778769,185.70826306914
.329670320790056,186.148397976391
.334379896801342,186.632377740304
.339089472812629,187.185497470489
.343799048823915,187.68802698145
.348508624835202,188.246205733558
.353218200846488,188.787521079258
.357927776857775,189.365935919056
.362637352869061,189.922428330523
.367346928880348,190.487352445194
.372056504891634,191.015177065767
.376766080902921,191.58347386172
.381475656914207,192.101180438449
.386185232925494,192.661045531197
.39089480893678,193.161888701518
.395604384948067,193.634064080944
.400313960959353,194.133220910624
.40502353697064,194.527824620573
.409733112981926,194.946037099494
.414442688993213,195.355817875211
.419152265004499,195.736930860034
.423861841015786,196.038785834739
.428571417027072,196.424957841484
.433280993038359,196.699831365936
.437990569049645,196.994940978078
.442700145060932,197.20910623946
.447409721072218,197.370994940978
.452119297083505,197.554806070826
.456828873094792,197.701517706577
.461538449106078,197.77065767285
.466248025117365,197.920741989882
.470957601128651,197.991568296796
.475667177139938,198.055649241147
.480376753151224,198.14502529511
.485086329162511,198.215851602024
.489795905173797,198.303541315346
.494505481185084,198.465430016863
.49921505719637,198.546374367622
.503924633207657,198.731871838111
.508634209218943,198.865092748735
.51334378523023,199.043844856661
.518053361241516,199.256323777403
.522762937252803,199.453625632378
.527472513264089,199.644182124789
.532182089275376,199.873524451939
.536891665286662,200.070826306914
.541601241297949,200.278246205734
.546310817309235,200.47892074199
.551020393320522,200.627318718381
.555729969331808,200.816188870152
.560439545343095,200.935919055649
.565149121354381,200.998313659359
.569858697365668,201.163575042159
.574568273376954,201.178752107926
.579277849388241,201.268128161889
.583987425399527,201.340640809443
.588697001410814,201.350758853288
.5934065774221,201.389544688027
.598116153433387,201.463743676223
.602825729444673,201.357504215852
.60753530545596,201.446880269815
.612244881467246,201.424957841484
.616954457478533,201.441821247892
.621664033489819,201.426644182125
.626373609501106,201.39629005059
.631083185512392,201.37436762226
.635792761523679,201.386172006745
.640502337534965,201.305227655986
.645211913546252,201.303541315346
.649921489557538,201.237774030354
.654631065568825,201.192242833052
.659340641580111,201.119730185497
.664050217591398,201.072512647555
.668759793602684,201.04215851602
.673469369613971,200.988195615514
.678178945625257,200.893760539629
.682888521636544,200.85497470489
.687598097647831,200.785834738617
.692307673659117,200.677908937605
.697017249670404,200.514333895447
.70172682568169,200.349072512648
.706436401692977,200.269814502529
.711145977704263,200.114671163575
.71585555371555,199.883642495784
.720565129726836,199.733558178752
.725274705738123,199.536256323777
.729984281749409,199.35413153457
.734693857760696,199.107925801012
.739403433771982,198.868465430017
.744113009783269,198.703204047218
.748822585794555,198.52107925801
.753532161805842,198.251264755481
.758241737817128,198.126475548061
.762951313828415,197.903878583474
.767660889839701,197.809443507589
.772370465850988,197.6239460371
.777080041862274,197.381112984823
.781789617873561,197.20741989882
.786499193884847,197.069139966273
.791208769896134,196.900505902192
.79591834590742,196.811129848229
.800627921918707,196.716694772344
.805337497929993,196.622259696459
.81004707394128,196.502529510961
.814756649952566,196.408094435076
.819466225963853,196.389544688027
.824175801975139,196.406408094435
.828885377986426,196.379426644182
.833594953997712,196.418212478921
.838304530008999,196.445193929174
.843014106020285,196.536256323777
.847723682031572,196.647554806071
.852433258042858,196.760539629005
.857142834054145,196.89544688027
.861852410065431,197.032040472175
.866561986076718,197.128161888702
.871271562088004,197.296795952782
.875981138099291,197.401349072513
.880690714110577,197.455311973019
.885400290121864,197.532883642496
.89010986613315,197.558178752108
.894819442144437,197.556492411467
.899529018155724,197.50084317032
.90423859416701,197.411467116358
.908948170178297,197.283305227656
.913657746189583,197.14671163575
.91836732220087,196.962900505902
.923076898212156,196.774030354132
.927786474223443,196.56155143339
.932496050234729,196.310286677909
.937205626246016,196.045531197302
.941915202257302,195.758853288364
.946624778268589,195.470489038786
.951334354279875,195.14671163575
.956043930291162,194.821247892074
.960753506302448,194.519392917369
.965463082313735,194.195615514334
.970172658325021,193.876897133221
.974882234336308,193.578414839798
.979591810347594,193.328836424958
.984301386358881,192.994940978078
.989010962370167,192.735244519393
.993720538381454,192.489038785835
.99843011439274,192.320404721754
1.00313969040403,192.14671163575
1.00784926641531,191.981450252951
1.0125588424266,191.858347386172
1.01726841843789,191.784148397976
1.02197799444917,191.701517706577
1.02668757046046,191.655986509275
1.03139714647175,191.612141652614
1.03610672248303,191.60370994941
1.04081629849432,191.640809443508
1.04552587450561,191.591905564924
1.05023545051689,191.644182124789
1.05494502652818,191.659359190557
1.05965460253946,191.639123102867
1.06436417855075,191.662731871838
1.06907375456204,191.674536256324
1.07378333057332,191.671163575042
1.07849290658461,191.661045531197
1.0832024825959,191.669477234401
1.08791205860718,191.637436762226
1.09262163461847,191.564924114671
1.09733121062976,191.460370994941
1.10204078664104,191.370994940978
1.10675036265233,191.281618887015
1.11145993866362,191.14502529511
1.1161695146749,190.971332209106
1.12087909068619,190.743676222597
1.12558866669748,190.443507588533
1.13029824270876,190.244519392917
1.13500781872005,189.924114671164
1.13971739473134,189.605396290051
1.14442697074262,189.224283305228
1.14913654675391,188.880269814503
1.1538461227652,188.514333895447
1.15855569877648,188.14671163575
1.16326527478777,187.745362563238
1.16797485079905,187.384485666105
1.17268442681034,186.989881956155
1.17739400282163,186.682967959528
1.18210357883291,186.315345699831
1.1868131548442,185.962900505902
1.19152273085549,185.642495784148
1.19623230686677,185.269814502529
1.20094188287806,184.907251264755
1.20565145888935,184.512647554806
1.21036103490063,184.183811129848
1.21507061091192,183.807757166948
1.21978018692321,183.403035413153
1.22448976293449,183.016863406408
1.22919933894578,182.711635750422
1.23390891495707,182.33389544688
1.23861849096835,181.942664418212
1.24332806697964,181.608768971332
1.24803764299093,181.308600337268
1.25274721900221,180.944350758853
1.2574567950135,180.598650927487
1.26216637102478,180.29173693086
1.26687594703607,180.047217537943
1.27158552304736,179.79258010118
1.27629509905864,179.527824620573
1.28100467506993,179.279932546374
1.28571425108122,179.116357504216
1.2904238270925,178.870151770658
1.29513340310379,178.676222596965
1.29984297911508,178.460370994941
1.30455255512636,178.295109612142
1.30926213113765,178.128161888702
1.31397170714894,177.910623946037
1.31868128316022,177.68802698145
1.32339085917151,177.536256323777
1.3281004351828,177.360876897133
1.33281001119408,177.16694772344
1.33751958720537,176.934232715008
1.34222916321666,176.752107925801
1.34693873922794,176.543001686341
1.35164831523923,176.310286677909
1.35635789125051,176.086003372681
1.3610674672618,175.87521079258
1.36577704327309,175.600337268128
1.37048661928437,175.364249578415
1.37519619529566,175.134907251265
1.37990577130695,174.878583473862
1.38461534731823,174.664418212479
1.38932492332952,174.382799325464
1.39403449934081,174.155143338954
1.39874407535209,173.971332209106
1.40345365136338,173.762225969646
1.40816322737467,173.571669477234
1.41287280338595,173.433389544688
1.41758237939724,173.258010118044
1.42229195540853,173.112984822934
1.42700153141981,172.956155143339
1.4317111074311,172.85328836425
1.43642068344239,172.772344013491
1.44113025945367,172.654300168634
1.44583983546496,172.585160202361
1.45054941147625,172.50084317032
1.45525898748753,172.443507588533
1.45996856349882,172.362563237774
1.4646781395101,172.370994940978
1.46938771552139,172.426644182125
1.47409729153268,172.443507588533
1.47880686754396,172.465430016863
1.48351644355525,172.539629005059
1.48822601956654,172.608768971332
1.49293559557782,172.669477234401
1.49764517158911,172.713322091062
1.5023547476004,172.856661045531
1.50706432361168,173.005059021922
1.51177389962297,173.121416526138
1.51648347563426,173.224283305228
1.52119305164554,173.364249578415
1.52590262765683,173.502529510961
1.53061220366812,173.620573355818
1.5353217796794,173.706576728499
1.54003135569069,173.883642495784
1.54474093170198,174.032040472175
1.54945050771326,174.128161888702
1.55416008372455,174.305227655986
1.55886965973583,174.456998313659
1.56357923574712,174.686340640809
1.56828881175841,174.85497470489
1.57299838776969,175.02023608769
1.57770796378098,175.263069139966
1.58241753979227,175.507588532884
1.58712711580355,175.75042158516
1.59183669181484,176.023608768971
1.59654626782613,176.296795952782
1.60125584383741,176.596964586847
1.6059654198487,176.902192242833
1.61067499585999,177.16694772344
1.61538457187127,177.451939291737
1.62009414788256,177.779089376054
1.62480372389385,178.134907251265
1.62951329990513,178.430016863406
1.63422287591642,178.763912310287
1.63893245192771,179.134907251265
1.64364202793899,179.502529510961
1.64835160395028,179.865092748735
1.65306117996157,180.288364249578
1.65777075597285,180.735244519393
1.66248033198414,181.109612141653
1.66718990799542,181.549747048904
1.67189948400671,182
1.676609060018,182.485666104553
1.68131863602928,182.924114671164
1.68602821204057,183.352445193929
1.69073778805186,183.880269814503
1.69544736406314,184.387858347386
1.70015694007443,184.851602023609
1.70486651608572,185.338954468803
1.709576092097,185.802698145025
1.71428566810829,186.29173693086
1.71899524411958,186.762225969646
1.72370482013086,187.121416526138
1.72841439614215,187.517706576729
1.73312397215344,187.93760539629
1.73783354816472,188.281618887015
1.74254312417601,188.620573355818
1.7472527001873,188.9173693086
1.75196227619858,189.219224283305
1.75667185220987,189.507588532884
1.76138142822115,189.797639123103
1.76609100423244,190.003372681282
1.77080058024373,190.303541315346
1.77551015625501,190.470489038786
1.7802197322663,190.662731871838
1.78492930827759,190.865092748735
1.78963888428887,190.993254637437
1.79434846030016,191.156829679595
1.79905803631145,191.338954468803
1.80376761232273,191.423271500843
1.80847718833402,191.537942664418
1.81318676434531,191.608768971332
1.81789634035659,191.715008431703
1.82260591636788,191.797639123103
1.82731549237917,191.868465430017
1.83202506839045,191.907251264755
1.83673464440174,191.97976391231
1.84144422041303,192.069139966273
1.84615379642431,192.129848229342
1.8508633724356,192.252951096121
1.85557294844689,192.387858347386
1.86028252445817,192.600337268128
1.86499210046946,192.802698145025
1.86970167648074,193.005059021922
1.87441125249203,193.268128161889
1.87912082850332,193.559865092749
1.8838304045146,193.829679595278
1.88853998052589,194.112984822934
1.89324955653718,194.401349072513
1.89795913254846,194.725126475548
1.90266870855975,194.993254637437
1.90737828457104,195.177065767285
1.91208786058232,195.392917369309
1.91679743659361,195.607082630691
1.9215070126049,195.730185497471
1.92621658861618,195.849915682968
1.93092616462747,195.87521079258
1.93563574063876,195.959527824621
1.94034531665004,195.944350758853
1.94505489266133,195.946037099494
1.94976446867262,195.946037099494
1.9544740446839,195.929173693086
1.95918362069519,195.858347386172
1.96389319670647,195.802698145025
1.96860277271776,195.716694772344
1.97331234872905,195.654300168634
1.97802192474033,195.556492411467
1.98273150075162,195.418212478921
1.98744107676291,195.305227655986
1.99215065277419,195.175379426644
1.99686022878548,195.055649241147
2.00156980479677,194.799325463744
2.00627938080805,194.580101180438
2.01098895681934,194.455311973019
2.01569853283063,194.165261382799
2.02040810884191,193.868465430017
2.0251176848532,193.576728499157
2.02982726086449,193.317032040472
2.03453683687577,192.966273187184
2.03924641288706,192.585160202361
2.04395598889835,192.29173693086
2.04866556490963,191.966273187184
2.05337514092092,191.640809443508
2.05808471693221,191.286677908938
2.06279429294349,190.998313659359
2.06750386895478,190.713322091062
2.07221344496606,190.426644182125
2.07692302097735,190.134907251265
2.08163259698864,189.885328836425
2.08634217299992,189.627318718381
2.09105174901121,189.372681281619
2.0957613250225,189.091062394604
2.10047090103378,188.829679595278
2.10518047704507,188.607082630691
2.10989005305636,188.268128161889
2.11459962906764,187.951096121417
2.11930920507893,187.637436762226
2.12401878109022,187.284991568297
2.1287283571015,186.954468802698
2.13343793311279,186.537942664418
2.13814750912408,186.139966273187
2.14285708513536,185.725126475548
2.14756666114665,185.301854974705
2.15227623715794,184.922428330523
2.15698581316922,184.514333895447
2.16169538918051,184.129848229342
2.16640496519179,183.725126475548
2.17111454120308,183.340640809443
2.17582411721437,183.023608768971
2.18053369322565,182.698145025295
2.18524326923694,182.423271500843
2.18995284524823,182.143338954469
2.19466242125951,181.871838111298
2.1993719972708,181.696458684654
2.20408157328209,181.526138279933
2.20879114929337,181.306913996627
2.21350072530466,181.163575042159
2.21821030131595,180.991568296796
2.22291987732723,180.907251264755
2.22762945333852,180.72849915683
2.23233902934981,180.671163575042
2.23704860536109,180.504215851602
2.24175818137238,180.362563237774
2.24646775738367,180.217537942664
2.25117733339495,180.106239460371
2.25588690940624,179.907251264755
2.26059648541752,179.831365935919
2.26530606142881,179.595278246206
2.2700156374401,179.446880269815
2.27472521345138,179.345699831366
2.27943478946267,179.158516020236
2.28414436547396,179.006745362563
2.28885394148524,178.912310286678
2.29356351749653,178.762225969646
2.29827309350782,178.667790893761
2.3029826695191,178.548060708263
2.30769224553039,178.401349072513
2.31240182154168,178.268128161889
2.31711139755296,178.074198988196
2.32182097356425,177.930860033727
2.32653054957554,177.716694772344
2.33124012558682,177.49915682968
2.33594970159811,177.281618887015
2.3406592776094,177.052276559865
2.34536885362068,176.765598650928
2.35007842963197,176.445193929174
2.35478800564326,176.161888701518
2.35949758165454,175.861720067454
2.36420715766583,175.531197301855
2.36891673367711,175.263069139966
2.3736263096884,175.010118043845
2.37833588569969,174.794266441821
2.38304546171097,174.578414839798
2.38775503772226,174.399662731872
2.39246461373355,174.268128161889
2.39717418974483,174.165261382799
2.40188376575612,174.026981450253
2.40659334176741,173.873524451939
2.41130291777869,173.795952782462
2.41601249378998,173.70826306914
2.42072206980127,173.595278246206
2.42543164581255,173.41652613828
2.43014122182384,173.274873524452
2.43485079783513,173.102866779089
2.43956037384641,172.897133220911
2.4442699498577,172.654300168634
2.44897952586899,172.406408094435
2.45368910188027,172.177065767285
2.45839867789156,171.920741989882
2.46310825390285,171.68802698145
2.46781782991413,171.558178752108
2.47252740592542,171.357504215852
2.4772369819367,171.156829679595
2.48194655794799,170.935919055649
2.48665613395928,170.753794266442
2.49136570997056,170.66610455312
2.49607528598185,170.473861720067
2.50078486199314,170.364249578415
2.50549443800442,170.254637436762
2.51020401401571,170.123102866779
2.514913590027,170.02023608769
2.51962316603828,169.93760539629
2.52433274204957,169.772344013491
2.52904231806086,169.72849915683
2.53375189407214,169.581787521079
2.53846147008343,169.492411467116
2.54317104609472,169.435075885329
2.547880622106,169.327150084317
2.55259019811729,169.254637436762
2.55729977412858,169.27150084317
2.56200935013986,169.114671163575
2.56671892615115,169.129848229342
2.57142850216243,169.015177065767
2.57613807817372,168.973018549747
2.58084765418501,168.964586846543
2.58555723019629,168.905564924115
2.59026680620758,168.871838111298
2.59497638221887,168.887015177066
2.59968595823015,168.85497470489
2.60439553424144,168.898819561551
2.60910511025273,168.858347386172
2.61381468626401,168.890387858347
2.6185242622753,168.989881956155
2.62323383828659,169.013490725126
2.62794341429787,169.037099494098
2.63265299030916,169.172006745363
2.63736256632045,169.281618887015
2.64207214233173,169.401349072513
2.64678171834302,169.470489038786
2.65149129435431,169.632377740304
2.65620087036559,169.772344013491
2.66091044637688,169.871838111298
2.66562002238816,169.976391231029
2.67032959839945,170.172006745363
2.67503917441074,170.355817875211
2.67974875042202,170.590219224283
2.68445832643331,170.730185497471
2.6891679024446,171.010118043845
2.69387747845588,171.27150084317
2.69858705446717,171.60370994941
2.70329663047846,171.885328836425
2.70800620648974,172.254637436762
2.71271578250103,172.667790893761
2.71742535851232,173.087689713322
2.7221349345236,173.532883642496
2.72684451053489,173.978077571669
2.73155408654618,174.419898819562
2.73626366255746,174.866779089376
2.74097323856875,175.29173693086
2.74568281458004,175.762225969646
2.75039239059132,176.266441821248
2.75510196660261,176.741989881956
2.7598115426139,177.20741989882
2.76452111862518,177.686340640809
2.76923069463647,178.128161888702
2.77394027064775,178.662731871838
2.77864984665904,179.192242833052
2.78335942267033,179.694772344014
2.78806899868161,180.27150084317
2.7927785746929,180.824620573356
2.79748815070419,181.376053962901
2.80219772671547,181.947723440135
2.80690730272676,182.524451939292
2.81161687873805,183.080944350759
2.81632645474933,183.576728499157
2.82103603076062,184.055649241147
2.82574560677191,184.581787521079
2.83045518278319,185.005059021922
2.83516475879448,185.440134907251
2.83987433480577,185.79089376054
2.84458391081705,186.080944350759
2.84929348682834,186.440134907251
2.85400306283963,186.777403035413
2.85871263885091,187.134907251265
2.8634222148622,187.441821247892
2.86813179087348,187.765598650928
2.87284136688477,188.057335581788
2.87755094289606,188.359190556492
2.88226051890734,188.634064080944
2.88697009491863,188.883642495784
2.89167967092992,189.069139966273
2.8963892469412,189.256323777403
2.90109882295249,189.278246205734
2.90580839896378,189.387858347386
2.91051797497506,189.278246205734
2.91522755098635,189.205733558179
2.91993712699764,189.057335581788
2.92464670300892,188.77065767285
2.92935627902021,188.485666104553
2.9340658550315,188.14671163575
2.93877543104278,187.779089376054
2.94348500705407,187.502529510961
2.94819458306536,187.173693086003
2.95290415907664,186.919055649241
2.95761373508793,186.664418212479
2.96232331109921,186.391231028668
2.9670328871105,186.222596964587
2.97174246312179,186.16694772344
2.97645203913307,186.028667790894
2.98116161514436,186.011804384486
2.98587119115565,186.001686340641
2.99058076716693,186.038785834739
2.99529034317822,186.143338954469
2.99999991918951,186.14671163575
3.00470949520079,186.158516020236
3.00941907121208,186.24957841484
3.01412864722337,186.37436762226
3.01883822323465,186.409780775717
3.02354779924594,186.482293423272
3.02825737525723,186.492411467116
3.03296695126851,186.5413153457
3.0376765272798,186.600337268128
3.04238610329109,186.682967959528
3.04709567930237,186.741989881956
3.05180525531366,186.784148397976
3.05651483132495,186.801011804384
3.06122440733623,186.77065767285
3.06593398334752,186.780775716695
3.0706435593588,186.709949409781
3.07535313537009,186.637436762226
3.08006271138138,186.485666104553
3.08477228739266,186.313659359191
3.08948186340395,186.134907251265
3.09419143941524,185.890387858347
3.09890101542652,185.546374367622
3.10361059143781,185.268128161889
3.1083201674491,184.883642495784
3.11302974346038,184.543001686341
3.11773931947167,184.195615514334
3.12244889548296,183.836424957841
3.12715847149424,183.47892074199
3.13186804750553,183.163575042159
3.13657762351682,182.802698145025
3.1412871995281,182.575042158516
3.14599677553939,182.24957841484
3.15070635155068,182.033726812816
3.15541592756196,181.838111298482
3.16012550357325,181.546374367622
3.16483507958454,181.237774030354
3.16954465559582,181.018549747049
3.17425423160711,180.780775716695
3.17896380761839,180.571669477234
3.18367338362968,180.273187183811
3.18838295964097,179.994940978078
3.19309253565225,179.741989881956
3.19780211166354,179.428330522766
3.20251168767483,179.16694772344
3.20722126368611,178.961214165261
3.2119308396974,178.740303541315
3.21664041570869,178.578414839798
3.22134999171997,178.43844856661
3.22605956773126,178.376053962901
3.23076914374255,178.335581787521
3.23547871975383,178.274873524452
3.24018829576512,178.217537942664
3.24489787177641,178.217537942664
3.24960744778769,178.150084317032
3.25431702379898,178.163575042159
3.25902659981027,178.038785834739
3.26373617582155,177.942664418212
3.26844575183284,177.816188870152
3.27315532784412,177.60370994941
3.27786490385541,177.369308600337
3.2825744798667,177.107925801012
3.28728405587798,176.836424957841
3.29199363188927,176.475548060708
3.29670320790056,176.097807757167
3.30141278391184,175.789207419899
3.30612235992313,175.527824620573
3.31083193593442,175.239460370995
3.3155415119457,175.001686340641
3.32025108795699,174.77065767285
3.32496066396828,174.664418212479
3.32967023997956,174.507588532884
3.33437981599085,174.419898819562
3.33908939200214,174.382799325464
3.34379896801342,174.43844856661
3.34850854402471,174.477234401349
3.353218120036,174.548060708263
3.35792769604728,174.659359190557
3.36263727205857,174.866779089376
3.36734684806985,174.993254637437
3.37205642408114,175.170320404722
3.37676600009243,175.391231028668
3.38147557610371,175.731871838111
3.386185152115,176.023608768971
3.39089472812629,176.357504215852
3.39560430413757,176.748735244519
3.40031388014886,177.259696458685
3.40502345616015,177.762225969646
3.40973303217143,178.259696458685
3.41444260818272,178.79089376054
3.41915218419401,179.455311973019
3.42386176020529,180.106239460371
3.42857133621658,180.662731871838
3.43328091222787,181.318718381113
3.43799048823915,181.821247892074
3.44270006425044,182.451939291737
3.44740964026173,183.005059021922
3.45211921627301,183.467116357504
3.4568287922843,183.890387858347
3.46153836829559,184.231028667791
3.46624794430687,184.60370994941
3.47095752031816,184.814502529511
3.47566709632944,184.976391231029
3.48037667234073,185.193929173693
3.48508624835202,185.273187183811
3.4897958243633,185.423271500843
3.49450540037459,185.462057335582
3.49921497638588,185.463743676223
3.50392455239716,185.517706576729
3.50863412840845,185.409780775717
3.51334370441974,185.344013490725
3.51805328043102,185.195615514334
3.52276285644231,185.035413153457
3.5274724324536,184.898819561551
3.53218200846488,184.681281618887
3.53689158447617,184.450252951096
3.54160116048746,184.256323777403
3.54631073649874,183.919055649241
3.55102031251003,183.743676222597
3.55572988852132,183.443507588533
3.5604394645326,183.190556492411
3.56514904054389,182.924114671164
3.56985861655517,182.659359190557
3.57456819256646,182.414839797639
3.57927776857775,182.279932546374
3.58398734458903,182.096121416526
3.58869692060032,181.922428330523
3.59340649661161,181.775716694772
3.59811607262289,181.618887015177
3.60282564863418,181.428330522766
3.60753522464547,181.183811129848
3.61224480065675,180.944350758853
3.61695437666804,180.689713322091
3.62166395267933,180.328836424958
3.62637352869061,180.047217537943
3.6310831047019,179.630691399663
3.63579268071319,179.247892074199
3.64050225672447,178.819561551433
3.64521183273576,178.379426644182
3.64992140874705,177.935919055649
3.65463098475833,177.514333895447
3.65934056076962,177.059021922428
3.66405013678091,176.735244519393
3.66875971279219,176.355817875211
3.67346928880348,176.116357504216
3.67817886481476,175.861720067454
3.68288844082605,175.630691399663
3.68759801683734,175.494097807757
3.69230759284862,175.399662731872
3.69701716885991,175.31197301855
3.7017267448712,175.180438448567
3.70643632088248,175.155143338954
3.71114589689377,175.160202360877
3.71585547290506,175.200674536256
3.72056504891634,175.183811129848
3.72527462492763,175.200674536256
3.72998420093892,175.384485666105
3.7346937769502,175.453625632378
3.73940335296149,175.629005059022
3.74411292897278,175.721753794266
3.74882250498406,175.908937605396
3.75353208099535,176.217537942664
3.75824165700664,176.497470489039
3.76295123301792,176.807757166948
3.76766080902921,177.256323777403
3.7723703850405,177.682967959528
3.77707996105178,178.119730185497
3.78178953706307,178.559865092749
3.78649911307435,179.010118043845
3.79120868908564,179.571669477234
3.79591826509693,180.016863406408
3.80062784110821,180.428330522766
3.8053374171195,180.861720067454
3.81004699313079,181.252951096121
3.81475656914207,181.630691399663
3.81946614515336,181.912310286678
3.82417572116465,182.195615514334
3.82888529717593,182.473861720067
3.83359487318722,182.709949409781
3.83830444919851,182.873524451939
3.84301402520979,182.986509274874
3.84772360122108,183.102866779089
3.85243317723237,183.322091062395
3.85714275324365,183.338954468803
3.86185232925494,183.480607082631
3.86656190526623,183.593591905565
3.87127148127751,183.711635750422
3.8759810572888,183.794266441821
3.88069063330008,183.919055649241
3.88540020931137,183.949409780776
3.89010978532266,184.148397976391
3.89481936133394,184.151770657673
3.89952893734523,184.318718381113
3.90423851335652,184.39629005059
3.9089480893678,184.50084317032
3.91365766537909,184.62563237774
3.91836724139038,184.709949409781
3.92307681740166,184.721753794266
3.92778639341295,184.85328836425
3.93249596942424,184.807757166948
3.93720554543552,184.905564924115
3.94191512144681,184.944350758853
3.9466246974581,184.983136593592
3.95133427346938,185.038785834739
3.95604384948067,185.067453625632
3.96075342549196,185.094435075885
3.96546300150324,185.156829679595
3.97017257751453,185.205733558179
3.97488215352581,185.284991568297
3.9795917295371,185.359190556492
3.98430130554839,185.456998313659
3.98901088155967,185.608768971332
3.99372045757096,185.782462057336
3.99843003358225,185.969645868465
4.00313960959353,186.205733558179
4.00784918560482,186.389544688027
4.01255876161611,186.612141652614
4.01726833762739,186.885328836425
