"Date: 11/19/2019 11:30:03 AM"
0
#TRUE#,#FALSE#,#FALSE#
#TRUE#
77,77,77
"E:\Scan 3\Coral_2s2_1_8_DLAB12.bmp"
""
164,508,1572,485,1568,254,160,277
1409
0,173.905172413793
.012987012987013,173.637931034483
.025974025974026,173.599137931034
.038961038961039,173.814655172414
.051948051948052,174.202586206897
6.49350649350649E-02,174.663793103448
7.79220779220779E-02,175.370689655172
9.09090909090909E-02,176.043103448276
.103896103896104,176.840517241379
.116883116883117,177.525862068966
.12987012987013,178.021551724138
.142857142857143,178.491379310345
.155844155844156,178.806034482759
.168831168831169,179.081896551724
.181818181818182,179.064655172414
.194805194805195,179.202586206897
.207792207792208,179.219827586207
.220779220779221,179.10775862069
.233766233766234,178.926724137931
.246753246753247,178.668103448276
.25974025974026,178.349137931034
.272727272727273,178
.285714285714286,177.560344827586
.298701298701299,177.129310344828
.311688311688312,176.650862068966
.324675324675325,176.349137931034
.337662337662338,176.01724137931
.350649350649351,175.754310344828
.363636363636364,175.711206896552
.376623376623377,175.594827586207
.38961038961039,175.637931034483
.402597402597403,175.366379310345
.415584415584416,175.301724137931
.428571428571429,175.280172413793
.441558441558442,175.198275862069
.454545454545455,174.991379310345
.467532467532468,174.685344827586
.480519480519481,174.461206896552
.493506493506494,174.051724137931
.506493506493506,173.538793103448
.519480519480519,173.012931034483
.532467532467532,172.469827586207
.545454545454545,171.866379310345
.558441558441558,171.271551724138
.571428571428571,170.698275862069
.584415584415584,170.103448275862
.597402597402597,169.663793103448
.61038961038961,169.25
.623376623376623,168.98275862069
.636363636363636,168.775862068966
.649350649350649,168.672413793103
.662337662337662,168.788793103448
.675324675324675,169.068965517241
.688311688311688,169.288793103448
.701298701298701,169.793103448276
.714285714285714,170.228448275862
.727272727272727,170.668103448276
.74025974025974,171.137931034483
.753246753246753,171.616379310345
.766233766233766,172.034482758621
.779220779220779,172.275862068966
.792207792207792,172.551724137931
.805194805194805,172.64224137931
.818181818181818,172.75
.831168831168831,172.612068965517
.844155844155844,172.431034482759
.857142857142857,172.025862068966
.87012987012987,171.51724137931
.883116883116883,170.995689655172
.896103896103896,170.5
.909090909090909,170.030172413793
.922077922077922,169.599137931034
.935064935064935,169.327586206897
.948051948051948,169.237068965517
.961038961038961,169.262931034483
.974025974025974,169.336206896552
.987012987012987,169.426724137931
1,169.637931034483
1.01298701298701,169.715517241379
1.02597402597403,169.637931034483
1.03896103896104,169.456896551724
1.05194805194805,169.23275862069
1.06493506493506,168.913793103448
1.07792207792208,168.474137931034
1.09090909090909,168.090517241379
1.1038961038961,167.784482758621
1.11688311688312,167.405172413793
1.12987012987013,167.056034482759
1.14285714285714,166.650862068966
1.15584415584416,166.125
1.16883116883117,165.616379310345
1.18181818181818,165.004310344828
1.19480519480519,164.487068965517
1.20779220779221,163.866379310345
1.22077922077922,163.469827586207
1.23376623376623,163.224137931034
1.24675324675325,163.025862068966
1.25974025974026,162.89224137931
1.27272727272727,163.008620689655
1.28571428571429,163.047413793103
1.2987012987013,163.189655172414
1.31168831168831,163.215517241379
1.32467532467532,163.137931034483
1.33766233766234,163.051724137931
1.35064935064935,162.870689655172
1.36363636363636,162.646551724138
1.37662337662338,162.469827586207
1.38961038961039,162.331896551724
1.4025974025974,162.245689655172
1.41558441558442,162.241379310345
1.42857142857143,162.353448275862
1.44155844155844,162.469827586207
1.45454545454545,162.603448275862
1.46753246753247,162.836206896552
1.48051948051948,163.168103448276
1.49350649350649,163.469827586207
1.50649350649351,163.758620689655
1.51948051948052,164.228448275862
1.53246753246753,164.698275862069
1.54545454545455,165.228448275862
1.55844155844156,165.741379310345
1.57142857142857,166.215517241379
1.58441558441558,166.788793103448
1.5974025974026,167.396551724138
1.61038961038961,167.913793103448
1.62337662337662,168.387931034483
1.63636363636364,168.793103448276
1.64935064935065,169.185344827586
1.66233766233766,169.64224137931
1.67532467532468,170.043103448276
1.68831168831169,170.409482758621
1.7012987012987,170.840517241379
1.71428571428571,171.353448275862
1.72727272727273,171.745689655172
1.74025974025974,172.310344827586
1.75324675324675,172.818965517241
1.76623376623377,173.366379310345
1.77922077922078,173.926724137931
1.79220779220779,174.573275862069
1.80519480519481,175.077586206897
1.81818181818182,175.64224137931
1.83116883116883,176.280172413793
1.84415584415584,176.823275862069
1.85714285714286,177.39224137931
1.87012987012987,177.862068965517
1.88311688311688,178.344827586207
1.8961038961039,178.745689655172
1.90909090909091,179.034482758621
1.92207792207792,179.185344827586
1.93506493506494,179.353448275862
1.94805194805195,179.413793103448
1.96103896103896,179.461206896552
1.97402597402597,179.456896551724
1.98701298701299,179.340517241379
2,179.370689655172
2.01298701298701,179.262931034483
2.02597402597403,179.146551724138
2.03896103896104,178.797413793103
2.05194805194805,178.650862068966
2.06493506493507,178.262931034483
2.07792207792208,177.788793103448
2.09090909090909,177.25
2.1038961038961,176.64224137931
2.11688311688312,175.965517241379
2.12987012987013,175.090517241379
2.14285714285714,174.340517241379
2.15584415584416,173.383620689655
2.16883116883117,172.318965517241
2.18181818181818,171.353448275862
2.19480519480519,170.362068965517
2.20779220779221,169.512931034483
2.22077922077922,168.810344827586
2.23376623376623,168.112068965517
2.24675324675325,167.577586206897
2.25974025974026,167.159482758621
2.27272727272727,166.943965517241
2.28571428571429,166.711206896552
2.2987012987013,166.551724137931
2.31168831168831,166.586206896552
2.32467532467532,166.754310344828
2.33766233766234,166.991379310345
2.35064935064935,167.418103448276
2.36363636363636,167.849137931034
2.37662337662338,168.422413793103
2.38961038961039,169.060344827586
2.4025974025974,169.831896551724
2.41558441558442,170.629310344828
2.42857142857143,171.362068965517
2.44155844155844,172.068965517241
2.45454545454545,172.784482758621
2.46753246753247,173.306034482759
2.48051948051948,173.75
2.49350649350649,173.965517241379
2.50649350649351,173.913793103448
2.51948051948052,173.64224137931
2.53246753246753,173.336206896552
2.54545454545455,172.771551724138
2.55844155844156,172.193965517241
2.57142857142857,171.491379310345
2.58441558441558,170.866379310345
2.5974025974026,170.323275862069
2.61038961038961,169.784482758621
2.62337662337662,169.224137931034
2.63636363636364,168.806034482759
2.64935064935065,168.487068965517
2.66233766233766,168.280172413793
2.67532467532468,168.060344827586
2.68831168831169,167.931034482759
2.7012987012987,167.991379310345
2.71428571428571,168.099137931034
2.72727272727273,168.254310344828
2.74025974025974,168.409482758621
2.75324675324675,168.594827586207
2.76623376623377,168.875
2.77922077922078,169.012931034483
2.79220779220779,169.275862068966
2.80519480519481,169.353448275862
2.81818181818182,169.215517241379
2.83116883116883,169.189655172414
2.84415584415584,169.176724137931
2.85714285714286,169.103448275862
2.87012987012987,169.163793103448
2.88311688311688,169.176724137931
2.8961038961039,169.331896551724
2.90909090909091,169.478448275862
2.92207792207792,169.672413793103
2.93506493506493,169.987068965517
2.94805194805195,170.396551724138
2.96103896103896,170.956896551724
2.97402597402597,171.344827586207
2.98701298701299,171.719827586207
3,172.181034482759
3.01298701298701,172.564655172414
3.02597402597403,172.900862068966
3.03896103896104,173.112068965517
3.05194805194805,173.340517241379
3.06493506493507,173.538793103448
3.07792207792208,173.698275862069
3.09090909090909,173.887931034483
3.1038961038961,174.056034482759
3.11688311688312,174.215517241379
3.12987012987013,174.198275862069
3.14285714285714,174.23275862069
3.15584415584416,174.219827586207
3.16883116883117,173.814655172414
3.18181818181818,173.431034482759
3.19480519480519,172.900862068966
3.20779220779221,172.314655172414
3.22077922077922,171.706896551724
3.23376623376623,171.099137931034
3.24675324675325,170.564655172414
3.25974025974026,170.215517241379
3.27272727272727,169.85775862069
3.28571428571429,169.586206896552
3.2987012987013,169.323275862069
3.31168831168831,169.068965517241
3.32467532467532,168.853448275862
3.33766233766234,168.620689655172
3.35064935064935,168.353448275862
3.36363636363636,168.125
3.37662337662338,167.926724137931
3.38961038961039,167.689655172414
3.4025974025974,167.60775862069
3.41558441558442,167.530172413793
3.42857142857143,167.560344827586
3.44155844155844,167.568965517241
3.45454545454545,167.655172413793
3.46753246753247,167.771551724138
3.48051948051948,168.021551724138
3.49350649350649,168.387931034483
3.50649350649351,168.625
3.51948051948052,169.120689655172
3.53246753246753,169.577586206897
3.54545454545455,170.068965517241
3.55844155844156,170.560344827586
3.57142857142857,170.956896551724
3.58441558441558,171.081896551724
3.5974025974026,171.168103448276
3.61038961038961,171.284482758621
3.62337662337662,171.448275862069
3.63636363636364,171.60775862069
3.64935064935065,171.831896551724
3.66233766233766,172.086206896552
3.67532467532468,172.461206896552
3.68831168831169,172.987068965517
3.7012987012987,173.349137931034
3.71428571428571,173.771551724138
3.72727272727273,173.995689655172
3.74025974025974,174.293103448276
3.75324675324675,174.465517241379
3.76623376623377,174.456896551724
3.77922077922078,174.336206896552
3.79220779220779,174.215517241379
3.80519480519481,174.159482758621
3.81818181818182,173.922413793103
3.83116883116883,173.741379310345
3.84415584415584,173.487068965517
3.85714285714286,173.219827586207
3.87012987012987,172.909482758621
3.88311688311688,172.5
3.8961038961039,171.98275862069
3.90909090909091,171.48275862069
3.92207792207792,170.956896551724
3.93506493506493,170.504310344828
3.94805194805195,170.047413793103
3.96103896103896,169.534482758621
3.97402597402597,169.056034482759
3.98701298701299,168.655172413793
4,168.521551724138
4.01298701298701,168.284482758621
4.02597402597403,168.181034482759
4.03896103896104,168.245689655172
4.05194805194805,168.383620689655
4.06493506493506,168.581896551724
4.07792207792208,168.784482758621
4.09090909090909,169.051724137931
4.1038961038961,169.198275862069
4.11688311688312,169.228448275862
4.12987012987013,169.241379310345
4.14285714285714,169.099137931034
4.15584415584416,168.948275862069
4.16883116883117,168.737068965517
4.18181818181818,168.465517241379
4.19480519480519,168.254310344828
4.20779220779221,168.120689655172
4.22077922077922,168.10775862069
4.23376623376623,168.086206896552
4.24675324675325,168.206896551724
4.25974025974026,168.293103448276
4.27272727272727,168.465517241379
4.28571428571429,168.681034482759
4.2987012987013,168.900862068966
4.31168831168831,169.10775862069
4.32467532467532,169.504310344828
4.33766233766234,169.76724137931
4.35064935064935,170.155172413793
4.36363636363636,170.655172413793
4.37662337662338,170.862068965517
4.38961038961039,171.163793103448
4.4025974025974,171.301724137931
4.41558441558442,171.435344827586
4.42857142857143,171.327586206897
4.44155844155844,171.271551724138
4.45454545454545,171.064655172414
4.46753246753247,170.965517241379
4.48051948051948,171.025862068966
4.49350649350649,171.146551724138
4.50649350649351,171.353448275862
4.51948051948052,171.788793103448
4.53246753246753,172.120689655172
4.54545454545455,172.474137931034
4.55844155844156,172.969827586207
4.57142857142857,173.25
4.58441558441558,173.435344827586
4.5974025974026,173.556034482759
4.61038961038961,173.573275862069
4.62337662337662,173.310344827586
4.63636363636364,173.004310344828
4.64935064935065,172.478448275862
4.66233766233766,171.827586206897
4.67532467532468,171.099137931034
4.68831168831169,170.353448275862
4.7012987012987,169.629310344828
4.71428571428571,168.995689655172
4.72727272727273,168.400862068966
4.74025974025974,167.840517241379
4.75324675324675,167.443965517241
4.76623376623377,166.918103448276
4.77922077922078,166.478448275862
4.79220779220779,166.146551724138
4.80519480519481,165.689655172414
4.81818181818182,165.284482758621
4.83116883116883,164.775862068966
4.84415584415584,164.413793103448
4.85714285714286,163.978448275862
4.87012987012987,163.551724137931
4.88311688311688,163.245689655172
4.8961038961039,162.974137931034
4.90909090909091,162.75
4.92207792207792,162.728448275862
4.93506493506494,162.827586206897
4.94805194805195,163.008620689655
4.96103896103896,163.336206896552
4.97402597402597,163.905172413793
4.98701298701299,164.5
5,165.10775862069
5.01298701298701,165.814655172414
5.02597402597403,166.581896551724
5.03896103896104,167.383620689655
5.05194805194805,168.155172413793
5.06493506493506,168.995689655172
5.07792207792208,169.788793103448
5.09090909090909,170.719827586207
5.1038961038961,171.646551724138
5.11688311688312,172.456896551724
5.12987012987013,173.284482758621
5.14285714285714,174.262931034483
5.15584415584416,175.086206896552
5.16883116883117,175.75
5.18181818181818,176.465517241379
5.19480519480519,177.030172413793
5.20779220779221,177.543103448276
5.22077922077922,177.793103448276
5.23376623376623,178
5.24675324675325,178.094827586207
5.25974025974026,178.030172413793
5.27272727272727,177.840517241379
5.28571428571429,177.702586206897
5.2987012987013,177.379310344828
5.31168831168831,177.168103448276
5.32467532467532,176.987068965517
5.33766233766234,176.844827586207
5.35064935064935,176.646551724138
5.36363636363636,176.469827586207
5.37662337662338,176.396551724138
5.38961038961039,176.362068965517
5.4025974025974,176.413793103448
5.41558441558442,176.543103448276
5.42857142857143,176.689655172414
5.44155844155844,176.887931034483
5.45454545454545,177.012931034483
5.46753246753247,177.125
5.48051948051948,177.163793103448
5.49350649350649,177.228448275862
5.50649350649351,177.181034482759
5.51948051948052,177.176724137931
5.53246753246753,177.150862068966
5.54545454545455,177.112068965517
5.55844155844156,177.073275862069
5.57142857142857,176.862068965517
5.58441558441558,176.693965517241
5.5974025974026,176.215517241379
5.61038961038961,175.693965517241
5.62337662337662,175.068965517241
5.63636363636364,174.262931034483
5.64935064935065,173.456896551724
5.66233766233766,172.620689655172
5.67532467532468,171.879310344828
5.68831168831169,171.10775862069
5.7012987012987,170.590517241379
5.71428571428571,170.129310344828
5.72727272727273,169.75
5.74025974025974,169.51724137931
5.75324675324675,169.323275862069
5.76623376623377,169.219827586207
5.77922077922078,169.150862068966
5.79220779220779,169.245689655172
5.80519480519481,169.387931034483
5.81818181818182,169.612068965517
5.83116883116883,169.866379310345
5.84415584415584,170.120689655172
5.85714285714286,170.439655172414
5.87012987012987,170.85775862069
5.88311688311688,171.163793103448
5.8961038961039,171.487068965517
5.90909090909091,171.676724137931
5.92207792207792,171.913793103448
5.93506493506494,172.01724137931
5.94805194805195,171.978448275862
5.96103896103896,171.879310344828
5.97402597402597,171.715517241379
5.98701298701299,171.577586206897
6,171.284482758621
6.01298701298701,171.025862068966
6.02597402597403,170.784482758621
6.03896103896104,170.633620689655
6.05194805194805,170.629310344828
6.06493506493506,170.702586206897
6.07792207792208,170.887931034483
6.09090909090909,171.116379310345
6.1038961038961,171.560344827586
6.11688311688312,172.094827586207
6.12987012987013,172.810344827586
6.14285714285714,173.521551724138
6.15584415584416,174.211206896552
6.16883116883117,174.965517241379
6.18181818181818,175.75
6.19480519480519,176.452586206897
6.20779220779221,177.073275862069
6.22077922077922,177.625
6.23376623376623,178.176724137931
6.24675324675325,178.616379310345
6.25974025974026,179.008620689655
6.27272727272727,179.224137931034
6.28571428571429,179.39224137931
6.2987012987013,179.400862068966
6.31168831168831,179.452586206897
6.32467532467532,179.469827586207
6.33766233766234,179.409482758621
6.35064935064935,179.327586206897
6.36363636363636,179.284482758621
6.37662337662338,179.245689655172
6.38961038961039,179.202586206897
6.4025974025974,179.112068965517
6.41558441558442,179.125
6.42857142857143,179.081896551724
6.44155844155844,179.094827586207
6.45454545454545,179.155172413793
6.46753246753247,179.280172413793
6.48051948051948,179.379310344828
6.49350649350649,179.603448275862
6.50649350649351,179.875
6.51948051948052,180.116379310345
6.53246753246753,180.306034482759
6.54545454545455,180.362068965517
6.55844155844156,180.452586206897
6.57142857142857,180.336206896552
6.58441558441558,180.189655172414
6.5974025974026,180.125
6.61038961038961,179.991379310345
6.62337662337662,179.879310344828
6.63636363636364,179.797413793103
6.64935064935065,179.75
6.66233766233766,179.646551724138
6.67532467532468,179.487068965517
6.68831168831169,179.241379310345
6.7012987012987,179.038793103448
6.71428571428571,178.801724137931
6.72727272727273,178.685344827586
6.74025974025974,178.426724137931
6.75324675324675,178.426724137931
6.76623376623377,178.538793103448
6.77922077922078,178.780172413793
6.79220779220779,179.112068965517
6.80519480519481,179.370689655172
6.81818181818182,179.745689655172
6.83116883116883,179.974137931034
6.84415584415584,180.258620689655
6.85714285714286,180.448275862069
6.87012987012987,180.487068965517
6.88311688311688,180.443965517241
6.8961038961039,180.323275862069
6.90909090909091,180.159482758621
6.92207792207792,179.969827586207
6.93506493506494,179.73275862069
6.94805194805195,179.60775862069
6.96103896103896,179.448275862069
6.97402597402597,179.258620689655
6.98701298701299,179.086206896552
7,178.956896551724
7.01298701298701,178.918103448276
7.02597402597403,178.711206896552
7.03896103896104,178.73275862069
7.05194805194805,178.685344827586
7.06493506493506,178.637931034483
7.07792207792208,178.64224137931
7.09090909090909,178.827586206897
7.1038961038961,179.14224137931
7.11688311688312,179.590517241379
7.12987012987013,180.133620689655
7.14285714285714,180.693965517241
7.15584415584416,181.375
7.16883116883117,182.056034482759
7.18181818181818,182.741379310345
7.19480519480519,183.418103448276
7.20779220779221,183.905172413793
7.22077922077922,184.306034482759
7.23376623376623,184.599137931034
7.24675324675325,184.818965517241
7.25974025974026,184.900862068966
7.27272727272727,184.913793103448
7.28571428571429,184.836206896552
7.2987012987013,184.719827586207
7.31168831168831,184.620689655172
7.32467532467532,184.400862068966
7.33766233766234,184.228448275862
7.35064935064935,183.987068965517
7.36363636363636,183.76724137931
7.37662337662338,183.655172413793
7.38961038961039,183.612068965517
7.4025974025974,183.668103448276
7.41558441558442,183.905172413793
7.42857142857143,184.275862068966
7.44155844155844,184.831896551724
7.45454545454545,185.409482758621
7.46753246753247,186.137931034483
7.48051948051948,186.887931034483
7.49350649350649,187.51724137931
7.50649350649351,188.081896551724
7.51948051948052,188.452586206897
7.53246753246753,188.780172413793
7.54545454545455,189.01724137931
7.55844155844156,189.405172413793
7.57142857142857,189.508620689655
7.58441558441558,189.491379310345
7.5974025974026,189.512931034483
7.61038961038961,189.465517241379
7.62337662337662,189.349137931034
7.63636363636364,189.297413793103
7.64935064935065,189.168103448276
7.66233766233766,189.14224137931
7.67532467532468,189.086206896552
7.68831168831169,188.883620689655
7.7012987012987,188.806034482759
7.71428571428571,188.75
7.72727272727273,188.818965517241
7.74025974025974,188.762931034483
7.75324675324675,188.758620689655
7.76623376623377,188.780172413793
7.77922077922078,188.745689655172
7.79220779220779,188.564655172414
7.80519480519481,188.349137931034
7.81818181818182,188.10775862069
7.83116883116883,187.875
7.84415584415584,187.5
7.85714285714286,187.241379310345
7.87012987012987,186.913793103448
7.88311688311688,186.737068965517
7.8961038961039,186.560344827586
7.90909090909091,186.465517241379
7.92207792207792,186.5
7.93506493506494,186.581896551724
7.94805194805195,186.75
7.96103896103896,186.931034482759
7.97402597402597,187.206896551724
7.98701298701299,187.530172413793
8,187.758620689655
8.01298701298701,188.021551724138
8.02597402597403,188.224137931034
8.03896103896104,188.293103448276
8.05194805194805,188.181034482759
8.06493506493507,188.103448275862
8.07792207792208,187.862068965517
8.09090909090909,187.551724137931
8.1038961038961,187.275862068966
8.11688311688312,186.909482758621
8.12987012987013,186.625
8.14285714285714,186.456896551724
8.15584415584416,186.5
8.16883116883117,186.715517241379
8.18181818181818,186.965517241379
8.19480519480519,187.573275862069
8.20779220779221,188.155172413793
8.22077922077922,188.862068965517
8.23376623376623,189.603448275862
8.24675324675325,190.284482758621
8.25974025974026,190.931034482759
8.27272727272727,191.577586206897
8.28571428571429,192.112068965517
8.2987012987013,192.465517241379
8.31168831168831,192.823275862069
8.32467532467532,193.060344827586
8.33766233766234,193.23275862069
8.35064935064935,193.474137931034
8.36363636363636,193.375
8.37662337662338,193.237068965517
8.38961038961039,193.021551724138
8.4025974025974,192.75
8.41558441558442,192.461206896552
8.42857142857143,192.163793103448
8.44155844155844,191.974137931034
8.45454545454546,191.775862068966
8.46753246753247,191.603448275862
8.48051948051948,191.387931034483
8.49350649350649,191.344827586207
8.50649350649351,191.314655172414
8.51948051948052,191.310344827586
8.53246753246753,191.370689655172
8.54545454545455,191.413793103448
8.55844155844156,191.426724137931
8.57142857142857,191.224137931034
8.58441558441558,191.155172413793
8.5974025974026,190.883620689655
8.61038961038961,190.568965517241
8.62337662337662,190.086206896552
8.63636363636364,189.48275862069
8.64935064935065,188.758620689655
8.66233766233766,188.060344827586
8.67532467532468,187.306034482759
8.68831168831169,186.663793103448
8.7012987012987,186.262931034483
8.71428571428571,185.883620689655
8.72727272727273,185.775862068966
8.74025974025974,185.801724137931
8.75324675324675,185.991379310345
8.76623376623377,186.288793103448
8.77922077922078,186.64224137931
8.79220779220779,186.943965517241
8.80519480519481,187.275862068966
8.81818181818182,187.418103448276
8.83116883116883,187.469827586207
8.84415584415584,187.612068965517
8.85714285714286,187.737068965517
8.87012987012987,187.793103448276
8.88311688311688,187.625
8.8961038961039,187.48275862069
8.90909090909091,187.254310344828
8.92207792207792,186.831896551724
8.93506493506493,186.318965517241
8.94805194805195,185.741379310345
8.96103896103896,185.081896551724
8.97402597402597,184.435344827586
8.98701298701299,183.762931034483
9,183.262931034483
9.01298701298701,182.879310344828
9.02597402597403,182.573275862069
9.03896103896104,182.39224137931
9.05194805194805,182.344827586207
9.06493506493507,182.487068965517
9.07792207792208,182.758620689655
9.09090909090909,182.974137931034
9.1038961038961,183.133620689655
9.11688311688312,183.245689655172
9.12987012987013,183.275862068966
9.14285714285714,183.344827586207
9.15584415584416,183.301724137931
9.16883116883117,183.159482758621
9.18181818181818,182.995689655172
9.19480519480519,182.913793103448
9.20779220779221,182.706896551724
9.22077922077922,182.599137931034
9.23376623376623,182.435344827586
9.24675324675325,182.176724137931
9.25974025974026,181.943965517241
9.27272727272727,181.568965517241
9.28571428571429,181.25
9.2987012987013,180.943965517241
9.31168831168831,180.685344827586
9.32467532467532,180.534482758621
9.33766233766234,180.693965517241
9.35064935064935,180.991379310345
9.36363636363636,181.491379310345
9.37662337662338,182.168103448276
9.38961038961039,182.758620689655
9.4025974025974,183.39224137931
9.41558441558442,184.021551724138
9.42857142857143,184.211206896552
9.44155844155844,184.379310344828
9.45454545454546,184.241379310345
9.46753246753247,183.965517241379
9.48051948051948,183.448275862069
9.49350649350649,182.974137931034
9.50649350649351,182.258620689655
9.51948051948052,181.573275862069
9.53246753246753,180.900862068966
9.54545454545455,180.254310344828
9.55844155844156,179.534482758621
9.57142857142857,178.754310344828
9.58441558441558,178.051724137931
9.5974025974026,177.340517241379
9.61038961038961,176.620689655172
9.62337662337662,175.866379310345
9.63636363636364,175.405172413793
9.64935064935065,174.801724137931
9.66233766233766,174.366379310345
9.67532467532468,174.043103448276
9.68831168831169,173.883620689655
9.7012987012987,173.784482758621
9.71428571428571,173.89224137931
9.72727272727273,173.943965517241
9.74025974025974,174.422413793103
9.75324675324675,174.784482758621
9.76623376623377,175.366379310345
9.77922077922078,175.98275862069
9.79220779220779,176.728448275862
9.80519480519481,177.512931034483
9.81818181818182,178.344827586207
9.83116883116883,179.323275862069
9.84415584415584,180.034482758621
9.85714285714286,180.844827586207
9.87012987012987,181.387931034483
9.88311688311688,182.051724137931
9.8961038961039,182.577586206897
9.90909090909091,183.034482758621
9.92207792207792,183.275862068966
9.93506493506493,183.568965517241
9.94805194805195,183.469827586207
9.96103896103896,183.568965517241
9.97402597402597,183.491379310345
9.98701298701299,183.448275862069
10,183.323275862069
10.012987012987,182.987068965517
10.025974025974,182.663793103448
10.038961038961,182.422413793103
10.0519480519481,182.185344827586
10.0649350649351,181.900862068966
10.0779220779221,181.448275862069
10.0909090909091,180.978448275862
10.1038961038961,180.551724137931
10.1168831168831,180.051724137931
10.1298701298701,179.599137931034
10.1428571428571,179.047413793103
10.1558441558442,178.512931034483
10.1688311688312,177.931034482759
10.1818181818182,177.556034482759
10.1948051948052,176.870689655172
10.2077922077922,176.146551724138
10.2207792207792,175.461206896552
10.2337662337662,174.827586206897
10.2467532467532,174.125
10.2597402597403,173.487068965517
10.2727272727273,172.758620689655
10.2857142857143,172.301724137931
10.2987012987013,171.741379310345
10.3116883116883,171.331896551724
10.3246753246753,170.974137931034
10.3376623376623,170.629310344828
10.3506493506494,170.245689655172
10.3636363636364,170.081896551724
10.3766233766234,169.862068965517
10.3896103896104,169.711206896552
10.4025974025974,169.810344827586
10.4155844155844,170
10.4285714285714,170.202586206897
10.4415584415584,170.711206896552
10.4545454545455,171.172413793103
10.4675324675325,171.784482758621
10.4805194805195,172.452586206897
10.4935064935065,173.172413793103
10.5064935064935,174.116379310345
10.5194805194805,175.004310344828
10.5324675324675,175.801724137931
10.5454545454545,176.560344827586
10.5584415584416,177.349137931034
10.5714285714286,177.870689655172
10.5844155844156,178.405172413793
10.5974025974026,178.590517241379
10.6103896103896,178.724137931034
10.6233766233766,178.823275862069
10.6363636363636,178.762931034483
10.6493506493506,178.547413793103
10.6623376623377,178.349137931034
10.6753246753247,178.245689655172
10.6883116883117,178.047413793103
10.7012987012987,177.883620689655
10.7142857142857,177.76724137931
10.7272727272727,177.599137931034
10.7402597402597,177.077586206897
10.7532467532468,177.064655172414
10.7662337662338,176.978448275862
10.7792207792208,177.021551724138
10.7922077922078,176.991379310345
10.8051948051948,177.025862068966
10.8181818181818,176.939655172414
10.8311688311688,176.754310344828
10.8441558441558,176.560344827586
10.8571428571429,176.25
10.8701298701299,175.840517241379
10.8831168831169,175.612068965517
10.8961038961039,175.189655172414
10.9090909090909,174.788793103448
10.9220779220779,174.344827586207
10.9350649350649,173.853448275862
10.9480519480519,173.396551724138
10.961038961039,172.939655172414
10.974025974026,172.543103448276
10.987012987013,172.215517241379
11,171.849137931034
11.012987012987,171.693965517241
11.025974025974,171.577586206897
11.038961038961,171.568965517241
11.0519480519481,171.594827586207
11.0649350649351,171.844827586207
11.0779220779221,172.021551724138
11.0909090909091,172.202586206897
11.1038961038961,172.439655172414
11.1168831168831,172.793103448276
11.1298701298701,173.051724137931
11.1428571428571,173.297413793103
11.1558441558442,173.452586206897
11.1688311688312,173.762931034483
11.1818181818182,173.98275862069
11.1948051948052,174.112068965517
11.2077922077922,174.198275862069
11.2207792207792,174.168103448276
11.2337662337662,174.275862068966
11.2467532467532,174.245689655172
11.2597402597403,174.26724137931
11.2727272727273,174.26724137931
11.2857142857143,174.340517241379
11.2987012987013,174.375
11.3116883116883,174.469827586207
11.3246753246753,174.340517241379
11.3376623376623,174.275862068966
11.3506493506494,174.176724137931
11.3636363636364,174.056034482759
11.3766233766234,173.810344827586
11.3896103896104,173.521551724138
11.4025974025974,173.314655172414
11.4155844155844,173.030172413793
11.4285714285714,172.896551724138
11.4415584415584,172.698275862069
11.4545454545455,172.594827586207
11.4675324675325,172.586206896552
11.4805194805195,172.64224137931
11.4935064935065,172.668103448276
11.5064935064935,172.784482758621
11.5194805194805,172.646551724138
11.5324675324675,172.306034482759
11.5454545454545,172.163793103448
11.5584415584416,171.956896551724
11.5714285714286,171.73275862069
11.5844155844156,171.646551724138
11.5974025974026,171.512931034483
11.6103896103896,171.629310344828
11.6233766233766,171.60775862069
11.6363636363636,171.629310344828
11.6493506493506,171.724137931034
11.6623376623377,171.806034482759
11.6753246753247,171.814655172414
11.6883116883117,171.952586206897
11.7012987012987,171.98275862069
11.7142857142857,172.189655172414
11.7272727272727,172.387931034483
11.7402597402597,172.672413793103
11.7532467532468,173.094827586207
11.7662337662338,173.547413793103
11.7792207792208,173.913793103448
11.7922077922078,174.306034482759
11.8051948051948,174.784482758621
11.8181818181818,175.047413793103
11.8311688311688,175.443965517241
11.8441558441558,175.646551724138
11.8571428571429,176.008620689655
11.8701298701299,176.219827586207
11.8831168831169,176.439655172414
11.8961038961039,176.469827586207
11.9090909090909,176.590517241379
11.9220779220779,176.681034482759
11.9350649350649,176.801724137931
11.9480519480519,176.909482758621
11.961038961039,176.987068965517
11.974025974026,177.198275862069
11.987012987013,177.39224137931
12,177.461206896552
12.012987012987,177.366379310345
12.025974025974,177.327586206897
12.038961038961,177.14224137931
12.0519480519481,176.952586206897
12.0649350649351,176.663793103448
12.0779220779221,176.512931034483
12.0909090909091,176.51724137931
12.1038961038961,176.478448275862
12.1168831168831,176.521551724138
12.1298701298701,176.637931034483
12.1428571428571,176.754310344828
12.1558441558442,176.922413793103
12.1688311688312,176.969827586207
12.1818181818182,176.969827586207
12.1948051948052,176.849137931034
12.2077922077922,176.987068965517
12.2207792207792,176.965517241379
12.2337662337662,176.987068965517
12.2467532467532,177.150862068966
12.2597402597403,177.318965517241
12.2727272727273,177.637931034483
12.2857142857143,177.931034482759
12.2987012987013,178.064655172414
12.3116883116883,178.340517241379
12.3246753246753,178.435344827586
12.3376623376623,178.650862068966
12.3506493506494,178.810344827586
12.3636363636364,178.797413793103
12.3766233766234,178.849137931034
12.3896103896104,178.793103448276
12.4025974025974,178.599137931034
12.4155844155844,178.353448275862
12.4285714285714,177.978448275862
12.4415584415584,177.525862068966
12.4545454545455,176.900862068966
12.4675324675325,176.280172413793
12.4805194805195,175.706896551724
12.4935064935065,175.14224137931
12.5064935064935,174.706896551724
12.5194805194805,174.254310344828
12.5324675324675,174.112068965517
12.5454545454545,173.965517241379
12.5584415584416,174.012931034483
12.5714285714286,174.168103448276
12.5844155844156,174.336206896552
12.5974025974026,174.603448275862
12.6103896103896,174.922413793103
12.6233766233766,175.189655172414
12.6363636363636,175.495689655172
12.6493506493506,175.693965517241
12.6623376623377,175.810344827586
12.6753246753247,176.034482758621
12.6883116883117,176.025862068966
12.7012987012987,175.995689655172
12.7142857142857,175.913793103448
12.7272727272727,175.948275862069
12.7402597402597,175.762931034483
12.7532467532468,175.650862068966
12.7662337662338,175.568965517241
12.7792207792208,175.512931034483
12.7922077922078,175.568965517241
12.8051948051948,175.603448275862
12.8181818181818,175.762931034483
12.8311688311688,176.068965517241
12.8441558441558,176.254310344828
12.8571428571429,176.465517241379
12.8701298701299,176.672413793103
12.8831168831169,176.737068965517
12.8961038961039,176.73275862069
12.9090909090909,176.668103448276
12.9220779220779,176.599137931034
12.9350649350649,176.426724137931
12.9480519480519,176.245689655172
12.961038961039,176.030172413793
12.974025974026,175.883620689655
12.987012987013,175.633620689655
13,175.362068965517
13.012987012987,175.038793103448
13.025974025974,174.702586206897
13.038961038961,174.340517241379
13.0519480519481,174.163793103448
13.0649350649351,173.926724137931
13.0779220779221,173.741379310345
13.0909090909091,173.689655172414
13.1038961038961,173.668103448276
13.1168831168831,173.711206896552
13.1298701298701,173.659482758621
13.1428571428571,173.870689655172
13.1558441558442,174.094827586207
13.1688311688312,174.375
13.1818181818182,174.702586206897
13.1948051948052,175.025862068966
13.2077922077922,175.297413793103
13.2207792207792,175.504310344828
13.2337662337662,175.655172413793
13.2467532467532,175.806034482759
13.2597402597403,175.935344827586
13.2727272727273,176.064655172414
13.2857142857143,176.245689655172
13.2987012987013,176.456896551724
13.3116883116883,176.73275862069
13.3246753246753,177
13.3376623376623,177.133620689655
13.3506493506494,177.336206896552
13.3636363636364,177.616379310345
13.3766233766234,177.693965517241
13.3896103896104,177.862068965517
13.4025974025974,177.943965517241
13.4155844155844,177.931034482759
13.4285714285714,177.98275862069
13.4415584415584,178.103448275862
13.4545454545455,178.125
13.4675324675325,178.14224137931
13.4805194805195,178.185344827586
13.4935064935065,178.280172413793
13.5064935064935,178.336206896552
13.5194805194805,178.39224137931
13.5324675324675,178.556034482759
13.5454545454545,178.827586206897
13.5584415584416,179.068965517241
13.5714285714286,179.379310344828
13.5844155844156,179.85775862069
13.5974025974026,180.327586206897
13.6103896103896,181
13.6233766233766,181.487068965517
13.6363636363636,182.047413793103
13.6493506493506,182.456896551724
13.6623376623377,182.870689655172
13.6753246753247,183.064655172414
13.6883116883117,183.120689655172
13.7012987012987,183.086206896552
13.7142857142857,182.780172413793
13.7272727272727,182.383620689655
13.7402597402597,181.956896551724
13.7532467532468,181.443965517241
13.7662337662338,180.987068965517
13.7792207792208,180.525862068966
13.7922077922078,180.237068965517
13.8051948051948,179.991379310345
13.8181818181818,179.801724137931
13.8311688311688,179.724137931034
13.8441558441558,179.702586206897
13.8571428571429,179.625
13.8701298701299,179.448275862069
13.8831168831169,179.275862068966
13.8961038961039,179.025862068966
13.9090909090909,178.64224137931
13.9220779220779,178.344827586207
13.9350649350649,177.918103448276
13.9480519480519,177.521551724138
13.961038961039,177.241379310345
13.974025974026,176.823275862069
13.987012987013,176.418103448276
14,176.004310344828
14.012987012987,175.693965517241
14.025974025974,175.383620689655
14.038961038961,175
14.0519480519481,174.693965517241
14.0649350649351,174.512931034483
14.0779220779221,174.323275862069
14.0909090909091,174.193965517241
14.1038961038961,174.073275862069
14.1168831168831,174.168103448276
14.1298701298701,174.288793103448
14.1428571428571,174.431034482759
14.1558441558442,174.676724137931
14.1688311688312,174.887931034483
14.1818181818182,175.150862068966
14.1948051948052,175.318965517241
14.2077922077922,175.573275862069
14.2207792207792,175.556034482759
14.2337662337662,175.538793103448
14.2467532467532,175.431034482759
14.2597402597403,175.379310344828
14.2727272727273,175.275862068966
14.2857142857143,175.237068965517
14.2987012987013,175.030172413793
14.3116883116883,174.909482758621
14.3246753246753,174.801724137931
14.3376623376623,174.616379310345
14.3506493506494,174.435344827586
14.3636363636364,174.185344827586
14.3766233766234,173.98275862069
14.3896103896104,173.771551724138
14.4025974025974,173.512931034483
14.4155844155844,173.327586206897
14.4285714285714,173.202586206897
14.4415584415584,172.991379310345
14.4545454545455,172.896551724138
14.4675324675325,172.823275862069
14.4805194805195,172.862068965517
14.4935064935065,172.853448275862
14.5064935064935,172.879310344828
14.5194805194805,172.887931034483
14.5324675324675,172.900862068966
14.5454545454545,172.797413793103
14.5584415584416,172.685344827586
14.5714285714286,172.487068965517
14.5844155844156,172.340517241379
14.5974025974026,172.189655172414
14.6103896103896,172.073275862069
14.6233766233766,172.004310344828
14.6363636363636,171.900862068966
14.6493506493506,172
14.6623376623377,172.01724137931
14.6753246753247,172.064655172414
14.6883116883117,171.987068965517
14.7012987012987,171.995689655172
14.7142857142857,171.905172413793
14.7272727272727,171.745689655172
14.7402597402597,171.650862068966
14.7532467532468,171.443965517241
14.7662337662338,171.241379310345
14.7792207792208,170.987068965517
14.7922077922078,170.775862068966
14.8051948051948,170.564655172414
14.8181818181818,170.275862068966
14.8311688311688,170.034482758621
14.8441558441558,169.715517241379
14.8571428571429,169.35775862069
14.8701298701299,169.146551724138
14.8831168831169,168.948275862069
14.8961038961039,168.668103448276
14.9090909090909,168.51724137931
14.9220779220779,168.353448275862
14.9350649350649,168.349137931034
14.9480519480519,168.193965517241
14.961038961039,168.064655172414
14.974025974026,168.068965517241
14.987012987013,168.047413793103
15,168.112068965517
15.012987012987,168.047413793103
15.025974025974,168.10775862069
15.038961038961,168.189655172414
15.0519480519481,168.297413793103
15.0649350649351,168.435344827586
15.0779220779221,168.551724137931
15.0909090909091,168.676724137931
15.1038961038961,168.762931034483
15.1168831168831,168.797413793103
15.1298701298701,168.85775862069
15.1428571428571,168.875
15.1558441558442,168.935344827586
15.1688311688312,169.008620689655
15.1818181818182,169.068965517241
15.1948051948052,169.146551724138
15.2077922077922,169.219827586207
15.2207792207792,169.336206896552
15.2337662337662,169.314655172414
15.2467532467532,169.426724137931
15.2597402597403,169.51724137931
15.2727272727273,169.620689655172
15.2857142857143,169.702586206897
15.2987012987013,169.879310344828
15.3116883116883,169.943965517241
15.3246753246753,170.081896551724
15.3376623376623,170.030172413793
15.3506493506494,170.030172413793
15.3636363636364,169.913793103448
15.3766233766234,169.745689655172
15.3896103896104,169.431034482759
15.4025974025974,169.245689655172
15.4155844155844,169.146551724138
15.4285714285714,169.189655172414
15.4415584415584,169.26724137931
15.4545454545455,169.39224137931
15.4675324675325,169.629310344828
15.4805194805195,169.939655172414
15.4935064935065,170.39224137931
15.5064935064935,170.663793103448
15.5194805194805,171.094827586207
15.5324675324675,171.586206896552
15.5454545454545,172.060344827586
15.5584415584416,172.594827586207
15.5714285714286,172.883620689655
15.5844155844156,173.168103448276
15.5974025974026,173.426724137931
15.6103896103896,173.547413793103
15.6233766233766,173.478448275862
15.6363636363636,173.323275862069
15.6493506493506,173.051724137931
15.6623376623377,172.814655172414
15.6753246753247,172.681034482759
15.6883116883117,172.508620689655
15.7012987012987,172.375
15.7142857142857,172.293103448276
15.7272727272727,172.336206896552
15.7402597402597,172.35775862069
15.7532467532468,172.387931034483
15.7662337662338,172.344827586207
15.7792207792208,172.237068965517
15.7922077922078,172.125
15.8051948051948,172
15.8181818181818,171.784482758621
15.8311688311688,171.676724137931
15.8441558441558,171.512931034483
15.8571428571429,171.543103448276
15.8701298701299,171.469827586207
15.8831168831169,171.469827586207
15.8961038961039,171.336206896552
15.9090909090909,171.206896551724
15.9220779220779,170.905172413793
15.9350649350649,170.538793103448
15.9480519480519,170.116379310345
15.961038961039,169.689655172414
15.974025974026,169.413793103448
15.987012987013,169.219827586207
16,169.172413793103
16.012987012987,169.280172413793
16.025974025974,169.504310344828
16.038961038961,169.89224137931
16.0519480519481,170.336206896552
16.0649350649351,170.73275862069
16.0779220779221,171.176724137931
16.0909090909091,171.487068965517
16.1038961038961,171.646551724138
16.1168831168831,171.775862068966
16.1298701298701,171.900862068966
16.1428571428571,171.952586206897
16.1558441558442,171.913793103448
16.1688311688312,171.771551724138
16.1818181818182,171.633620689655
16.1948051948052,171.418103448276
16.2077922077922,171.39224137931
16.2207792207792,171.116379310345
16.2337662337662,171.056034482759
16.2467532467532,171.112068965517
16.2597402597403,171.030172413793
16.2727272727273,171.155172413793
16.2857142857143,171.163793103448
16.2987012987013,171.525862068966
16.3116883116883,171.637931034483
16.3246753246753,171.672413793103
16.3376623376623,171.76724137931
16.3506493506494,171.931034482759
16.3636363636364,171.995689655172
16.3766233766234,172.172413793103
16.3896103896104,172.219827586207
16.4025974025974,172.228448275862
16.4155844155844,172.23275862069
16.4285714285714,172.155172413793
16.4415584415584,172.215517241379
16.4545454545455,172.293103448276
16.4675324675325,172.314655172414
16.4805194805195,172.60775862069
16.4935064935065,172.905172413793
16.5064935064935,173.495689655172
16.5194805194805,174.168103448276
16.5324675324675,174.818965517241
16.5454545454545,175.560344827586
16.5584415584416,176.224137931034
16.5714285714286,176.913793103448
16.5844155844156,177.508620689655
16.5974025974026,177.823275862069
16.6103896103896,178.086206896552
16.6233766233766,178.086206896552
16.6363636363636,178.146551724138
16.6493506493506,178.10775862069
16.6623376623377,177.883620689655
16.6753246753247,177.650862068966
16.6883116883117,177.396551724138
16.7012987012987,177.323275862069
16.7142857142857,177.064655172414
16.7272727272727,176.995689655172
16.7402597402597,176.98275862069
16.7532467532468,177.004310344828
16.7662337662338,176.922413793103
16.7792207792208,176.85775862069
16.7922077922078,176.823275862069
16.8051948051948,176.840517241379
16.8181818181818,176.913793103448
16.8311688311688,176.73275862069
16.8441558441558,176.672413793103
16.8571428571429,176.538793103448
16.8701298701299,176.129310344828
16.8831168831169,175.758620689655
16.8961038961039,175.176724137931
16.9090909090909,174.706896551724
16.9220779220779,174.129310344828
16.9350649350649,173.715517241379
16.9480519480519,173.314655172414
16.961038961039,173.103448275862
16.974025974026,173.056034482759
16.987012987013,173.271551724138
17,173.448275862069
17.012987012987,173.909482758621
17.025974025974,174.193965517241
17.038961038961,174.564655172414
17.0519480519481,174.870689655172
17.0649350649351,175.163793103448
17.0779220779221,175.275862068966
17.0909090909091,175.577586206897
17.1038961038961,175.715517241379
17.1168831168831,175.913793103448
17.1298701298701,175.98275862069
17.1428571428571,176.150862068966
17.1558441558442,176.288793103448
17.1688311688312,176.349137931034
17.1818181818182,176.422413793103
17.1948051948052,176.456896551724
17.2077922077922,176.568965517241
17.2207792207792,176.521551724138
17.2337662337662,176.551724137931
17.2467532467532,176.60775862069
17.2597402597403,176.556034482759
17.2727272727273,176.556034482759
17.2857142857143,176.659482758621
17.2987012987013,176.814655172414
17.3116883116883,177.038793103448
17.3246753246753,177.185344827586
17.3376623376623,177.612068965517
17.3506493506494,178.146551724138
17.3636363636364,178.625
17.3766233766234,179.133620689655
17.3896103896104,179.75
17.4025974025974,180.439655172414
17.4155844155844,180.991379310345
17.4285714285714,181.612068965517
17.4415584415584,181.943965517241
17.4545454545455,182.336206896552
17.4675324675325,182.681034482759
17.4805194805195,183.004310344828
17.4935064935065,183.254310344828
17.5064935064935,183.469827586207
17.5194805194805,183.698275862069
17.5324675324675,184.090517241379
17.5454545454545,184.112068965517
17.5584415584416,184.344827586207
17.5714285714286,184.543103448276
17.5844155844156,184.590517241379
17.5974025974026,184.711206896552
17.6103896103896,184.663793103448
17.6233766233766,184.676724137931
17.6363636363636,184.577586206897
17.6493506493506,184.465517241379
17.6623376623377,184.331896551724
17.6753246753247,184.206896551724
17.6883116883117,183.987068965517
17.7012987012987,183.754310344828
17.7142857142857,183.616379310345
17.7272727272727,183.487068965517
17.7402597402597,183.168103448276
17.7532467532468,183.043103448276
17.7662337662338,182.762931034483
17.7792207792208,182.560344827586
17.7922077922078,182.396551724138
17.8051948051948,182.25
17.8181818181818,182.293103448276
17.8311688311688,182.379310344828
17.8441558441558,182.530172413793
17.8571428571429,182.737068965517
17.8701298701299,182.974137931034
17.8831168831169,183.340517241379
17.8961038961039,183.943965517241
17.9090909090909,184.340517241379
17.9220779220779,184.706896551724
17.9350649350649,185.064655172414
17.9480519480519,185.586206896552
17.961038961039,185.831896551724
17.974025974026,186.090517241379
17.987012987013,186.224137931034
18,186.150862068966
18.012987012987,185.987068965517
18.025974025974,185.784482758621
18.038961038961,185.478448275862
18.0519480519481,185.043103448276
18.0649350649351,184.775862068966
18.0779220779221,184.547413793103
18.0909090909091,184.353448275862
18.1038961038961,184.262931034483
18.1168831168831,184.418103448276
18.1298701298701,184.754310344828
18.1428571428571,185.120689655172
18.1558441558442,185.504310344828
18.1688311688312,186.073275862069
18.1818181818182,186.706896551724
18.1948051948052,187.271551724138
18.2077922077922,187.663793103448
18.2207792207792,187.98275862069
18.2337662337662,188.189655172414
18.2467532467532,188.318965517241
18.2597402597403,188.275862068966
18.2727272727273,188.224137931034
18.2857142857143,188.004310344828
