"Date: 11/19/2019 11:27:32 AM"
0
#TRUE#,#FALSE#,#FALSE#
#TRUE#
54,54.2,54.0000030586899
"E:\Scan 3\Coral_2s2_1_1_DLAB9.bmp"
""
122,286,1652,292,1653,116,123,110
1531
0,161.28813559322
1.85185174695852E-02,161.559322033898
3.70370349391703E-02,161.683615819209
5.55555524087555E-02,161.621468926554
7.40740698783406E-02,161.378531073446
9.25925873479258E-02,161.146892655367
.111111104817511,161.090395480226
.129629622287096,161.186440677966
.148148139756681,161.152542372881
.166666657226266,160.943502824859
.185185174695852,160.655367231638
.203703692165437,160.254237288136
.222222209635022,160.084745762712
.240740727104607,159.813559322034
.259259244574192,159.847457627119
.277777762043777,159.683615819209
.296296279513362,159.536723163842
.314814796982948,159.401129943503
.333333314452533,159.271186440678
.351851831922118,159.180790960452
.370370349391703,159.039548022599
.388888866861288,158.977401129944
.407407384330873,158.858757062147
.425925901800458,158.689265536723
.444444419270044,158.45197740113
.462962936739629,158.28813559322
.481481454209214,158.305084745763
.499999971678799,158.316384180791
.518518489148384,158.485875706215
.537037006617969,158.570621468927
.555555524087555,158.64406779661
.57407404155714,158.435028248588
.592592559026725,158.435028248588
.61111107649631,158.305084745763
.629629593965895,158.067796610169
.64814811143548,157.932203389831
.666666628905065,157.666666666667
.685185146374651,157.378531073446
.703703663844236,157.09604519774
.722222181313821,157.005649717514
.740740698783406,156.751412429379
.759259216252991,156.649717514124
.777777733722576,156.638418079096
.796296251192162,156.581920903955
.814814768661747,156.604519774011
.833333286131332,156.474576271186
.851851803600917,156.677966101695
.870370321070502,156.762711864407
.888888838540087,156.966101694915
.907407356009672,157.35593220339
.925925873479258,157.71186440678
.944444390948843,157.915254237288
.962962908418428,157.819209039548
.981481425888013,157.661016949153
.999999943357598,157.254237288136
1.01851846082718,157.033898305085
1.03703697829677,156.655367231638
1.05555549576635,156.389830508475
1.07407401323594,156.248587570621
1.09259253070552,155.977401129944
1.11111104817511,155.649717514124
1.12962956564469,155.395480225989
1.14814808311428,155.322033898305
1.16666660058386,155.35593220339
1.18518511805345,155.593220338983
1.20370363552303,155.83615819209
1.22222215299262,156.135593220339
1.24074067046221,156.344632768362
1.25925918793179,156.672316384181
1.27777770540138,156.937853107345
1.29629622287096,157.242937853107
1.31481474034055,157.666666666667
1.33333325781013,158.039548022599
1.35185177527972,158.248587570621
1.3703702927493,158.237288135593
1.38888881021889,158.372881355932
1.40740732768847,158.38418079096
1.42592584515806,158.638418079096
1.44444436262764,158.683615819209
1.46296288009723,158.841807909605
1.48148139756681,158.734463276836
1.4999999150364,158.468926553672
1.51851843250598,158.231638418079
1.53703694997557,158.135593220339
1.55555546744515,158.011299435028
1.57407398491474,157.830508474576
1.59259250238432,157.559322033898
1.61111101985391,157.19209039548
1.62962953732349,156.564971751412
1.64814805479308,156.124293785311
1.66666657226266,155.830508474576
1.68518508973225,155.666666666667
1.70370360720183,155.395480225989
1.72222212467142,155.231638418079
1.740740642141,154.881355932203
1.75925915961059,154.502824858757
1.77777767708017,153.988700564972
1.79629619454976,153.632768361582
1.81481471201934,153.406779661017
1.83333322948893,153.045197740113
1.85185174695852,152.71186440678
1.8703702644281,152.225988700565
1.88888878189769,151.796610169492
1.90740729936727,151.564971751412
1.92592581683686,151.435028248588
1.94444433430644,151.514124293785
1.96296285177603,151.581920903955
1.98148136924561,151.61581920904
1.9999998867152,151.508474576271
2.01851840418478,151.423728813559
2.03703692165437,151.293785310734
2.05555543912395,151.316384180791
2.07407395659354,151.209039548023
2.09259247406312,150.898305084746
2.11111099153271,150.457627118644
2.12962950900229,149.768361581921
2.14814802647188,149.169491525424
2.16666654394146,148.700564971751
2.18518506141105,148.367231638418
2.20370357888063,148.011299435028
2.22222209635022,147.54802259887
2.2407406138198,147.129943502825
2.25925913128939,146.638418079096
2.27777764875897,146.418079096045
2.29629616622856,146.350282485876
2.31481468369814,146.531073446328
2.33333320116773,146.915254237288
2.35185171863731,147.338983050847
2.3703702361069,147.898305084746
2.38888875357648,147.977401129944
2.40740727104607,147.943502824859
2.42592578851565,147.774011299435
2.44444430598524,147.440677966102
2.46296282345483,146.898305084746
2.48148134092441,146.305084745763
2.499999858394,145.802259887006
2.51851837586358,145.265536723164
2.53703689333317,144.943502824859
2.55555541080275,144.717514124294
2.57407392827234,144.638418079096
2.59259244574192,144.627118644068
2.61111096321151,144.768361581921
2.62962948068109,144.847457627119
2.64814799815068,144.83615819209
2.66666651562026,144.966101694915
2.68518503308985,145.101694915254
2.70370355055943,145.220338983051
2.72222206802902,145.485875706215
2.7407405854986,145.774011299435
2.75925910296819,146.299435028249
2.77777762043777,146.316384180791
2.79629613790736,146.406779661017
2.81481465537694,146.282485875706
2.83333317284653,146.135593220339
2.85185169031611,146.039548022599
2.8703702077857,146.220338983051
2.88888872525528,146.553672316384
2.90740724272487,146.768361581921
2.92592576019445,147.039548022599
2.94444427766404,147.305084745763
2.96296279513362,147.706214689266
2.98148131260321,148.265536723164
2.99999983007279,149.079096045198
3.01851834754238,149.790960451977
3.03703686501196,150.062146892655
3.05555538248155,150.175141242938
3.07407389995114,150.124293785311
3.09259241742072,150.005649717514
3.11111093489031,149.853107344633
3.12962945235989,149.870056497175
3.14814796982948,149.983050847458
3.16666648729906,149.627118644068
3.18518500476865,149.124293785311
3.20370352223823,148.570621468927
3.22222203970782,148.09604519774
3.2407405571774,147.774011299435
3.25925907464699,147.870056497175
3.27777759211657,148.237288135593
3.29629610958616,148.694915254237
3.31481462705574,149.350282485876
3.33333314452533,149.977401129944
3.35185166199491,150.666666666667
3.3703701794645,151.271186440678
3.38888869693408,151.824858757062
3.40740721440367,152.203389830508
3.42592573187325,152.293785310734
3.44444424934284,152.152542372881
3.46296276681242,152.327683615819
3.48148128428201,152.64406779661
3.49999980175159,152.700564971751
3.51851831922118,153.237288135593
3.53703683669076,153.38418079096
3.55555535416035,153.830508474576
3.57407387162993,154.299435028249
3.59259238909952,154.887005649718
3.6111109065691,155.83615819209
3.62962942403869,156.790960451977
3.64814794150827,157.853107344633
3.66666645897786,158.435028248588
3.68518497644745,158.943502824859
3.70370349391703,159.197740112994
3.72222201138662,159.350282485876
3.7407405288562,159.401129943503
3.75925904632579,159.61581920904
3.77777756379537,159.853107344633
3.79629608126496,159.875706214689
3.81481459873454,160.090395480226
3.83333311620413,160.350282485876
3.85185163367371,160.858757062147
3.8703701511433,161.423728813559
3.88888866861288,162.180790960452
3.90740718608247,162.813559322034
3.92592570355205,163.005649717514
3.94444422102164,162.988700564972
3.96296273849122,162.796610169492
3.98148125596081,162.64406779661
3.99999977343039,162.468926553672
4.01851829089998,162.372881355932
4.03703680836956,162.322033898305
4.05555532583915,162.293785310734
4.07407384330873,162.435028248588
4.09259236077832,162.745762711864
4.1111108782479,163.406779661017
4.12962939571749,164.203389830508
4.14814791318707,164.847457627119
4.16666643065666,165.265536723164
4.18518494812624,165.457627118644
4.20370346559583,165.559322033898
4.22222198306542,165.564971751412
4.240740500535,165.564971751412
4.25925901800458,165.672316384181
4.27777753547417,165.61581920904
4.29629605294376,165.598870056497
4.31481457041334,165.564971751412
4.33333308788293,165.694915254237
4.35185160535251,166.073446327684
4.3703701228221,166.564971751412
4.38888864029168,167.401129943503
4.40740715776127,167.870056497175
4.42592567523085,168.254237288136
4.44444419270044,168.418079096045
4.46296271017002,168.327683615819
4.48148122763961,168.225988700565
4.49999974510919,168.090395480226
4.51851826257878,167.909604519774
4.53703678004836,167.689265536723
4.55555529751795,167.310734463277
4.57407381498753,167.039548022599
4.59259233245712,166.734463276836
4.6111108499267,166.661016949153
4.62962936739629,166.813559322034
4.64814788486587,167.028248587571
4.66666640233546,167.050847457627
4.68518491980504,167.062146892655
4.70370343727463,166.960451977401
4.72222195474421,166.655367231638
4.7407404722138,166.237288135593
4.75925898968338,165.71186440678
4.77777750715297,165.169491525424
4.79629602462255,164.468926553672
4.81481454209214,163.943502824859
4.83333305956173,163.327683615819
4.85185157703131,162.830508474576
4.87037009450089,162.322033898305
4.88888861197048,162.101694915254
4.90740712944007,162.152542372881
4.92592564690965,162.45197740113
4.94444416437924,162.858757062147
4.96296268184882,163.214689265537
4.98148119931841,163.576271186441
4.99999971678799,163.734463276836
5.01851823425758,163.915254237288
5.03703675172716,164.028248587571
5.05555526919675,164.101694915254
5.07407378666633,164.248587570621
5.09259230413592,164.299435028249
5.1111108216055,164.338983050847
5.12962933907509,164.310734463277
5.14814785654467,164.423728813559
5.16666637401426,164.576271186441
5.18518489148384,165.005649717514
5.20370340895343,165.446327683616
5.22222192642301,165.768361581921
5.2407404438926,166.039548022599
5.25925896136218,166.011299435028
5.27777747883177,165.954802259887
5.29629599630135,165.813559322034
5.31481451377094,165.700564971751
5.33333303124052,165.412429378531
5.35185154871011,165.028248587571
5.37037006617969,164.485875706215
5.38888858364928,163.875706214689
5.40740710111886,163.790960451977
5.42592561858845,163.80790960452
5.44444413605803,164.28813559322
5.46296265352762,164.858757062147
5.48148117099721,165.463276836158
5.49999968846679,165.864406779661
5.51851820593637,166.124293785311
5.53703672340596,166.655367231638
5.55555524087555,167.186440677966
5.57407375834513,167.649717514124
5.59259227581472,167.943502824859
5.6111107932843,168.022598870056
5.62962931075389,167.734463276836
5.64814782822347,167.282485875706
5.66666634569306,166.949152542373
5.68518486316264,166.774011299435
5.70370338063223,166.960451977401
5.72222189810181,167.158192090395
5.7407404155714,167.463276836158
5.75925893304098,167.757062146893
5.77777745051057,168.28813559322
5.79629596798015,168.790960451977
5.81481448544974,169.378531073446
5.83333300291932,170.045197740113
5.85185152038891,170.344632768362
5.87037003785849,170.254237288136
5.88888855532808,169.949152542373
5.90740707279766,169.338983050847
5.92592559026725,168.446327683616
5.94444410773683,167.841807909605
5.96296262520642,167.305084745763
5.981481142676,166.785310734463
5.99999966014559,166.429378531073
6.01851817761517,166.209039548023
6.03703669508476,166.406779661017
6.05555521255434,166.751412429379
6.07407373002393,167.519774011299
6.09259224749352,168.316384180791
6.1111107649631,168.954802259887
6.12962928243269,169.485875706215
6.14814779990227,169.813559322034
6.16666631737186,169.870056497175
6.18518483484144,169.64406779661
6.20370335231103,169.542372881356
6.22222186978061,169.118644067797
6.2407403872502,168.627118644068
6.25925890471978,168.310734463277
6.27777742218937,168.005649717514
6.29629593965895,167.994350282486
6.31481445712854,168.112994350282
6.33333297459812,168.64406779661
6.35185149206771,169.220338983051
6.37037000953729,169.864406779661
6.38888852700688,170.361581920904
6.40740704447646,170.293785310734
6.42592556194605,169.508474576271
6.44444407941563,168.587570621469
6.46296259688522,167.661016949153
6.4814811143548,166.576271186441
6.49999963182439,165.502824858757
6.51851814929397,164.706214689266
6.53703666676356,164.350282485876
6.55555518423314,164.146892655367
6.57407370170273,164.169491525424
6.59259221917231,164.581920903955
6.6111107366419,165.242937853107
6.62962925411148,165.875706214689
6.64814777158107,166.54802259887
6.66666628905065,167.005649717514
6.68518480652024,167.231638418079
6.70370332398983,167.197740112994
6.72222184145941,166.983050847458
6.740740358929,166.689265536723
6.75925887639858,166.299435028249
6.77777739386817,166.022598870056
6.79629591133775,165.598870056497
6.81481442880734,165.45197740113
6.83333294627692,165.446327683616
6.85185146374651,165.717514124294
6.87036998121609,166.112994350282
6.88888849868568,166.553672316384
6.90740701615526,167.067796610169
6.92592553362485,167.265536723164
6.94444405109443,167.446327683616
6.96296256856402,167.480225988701
6.9814810860336,167.457627118644
6.99999960350319,167.570621468927
7.01851812097277,167.757062146893
7.03703663844236,167.892655367232
7.05555515591194,167.858757062147
7.07407367338153,167.717514124294
7.09259219085111,167.107344632768
7.1111107083207,166.853107344633
7.12962922579028,166.819209039548
7.14814774325987,166.80790960452
7.16666626072945,166.988700564972
7.18518477819904,167.220338983051
7.20370329566862,167.531073446328
7.22222181313821,167.74011299435
7.24074033060779,168.084745762712
7.25925884807738,168.45197740113
7.27777736554696,168.74011299435
7.29629588301655,168.830508474576
7.31481440048614,168.497175141243
7.33333291795572,168
7.35185143542531,167.61581920904
7.37036995289489,167.231638418079
7.38888847036448,167.033898305085
7.40740698783406,166.830508474576
7.42592550530365,166.587570621469
7.44444402277323,166.186440677966
7.46296254024282,165.666666666667
7.4814810577124,165.350282485876
7.49999957518199,164.909604519774
7.51851809265157,164.564971751412
7.53703661012116,163.949152542373
7.55555512759074,163.225988700565
7.57407364506033,162.310734463277
7.59259216252991,161.271186440678
7.6111106799995,160.35593220339
7.62962919746908,159.875706214689
7.64814771493867,159.581920903955
7.66666623240825,159.542372881356
7.68518474987784,159.474576271186
7.70370326734742,159.525423728814
7.72222178481701,159.80790960452
7.74074030228659,160.242937853107
7.75925881975618,161.022598870056
7.77777733722576,161.683615819209
7.79629585469535,162.101694915254
7.81481437216493,162.19209039548
7.83333288963452,161.971751412429
7.8518514071041,161.621468926554
7.87036992457369,161.412429378531
7.88888844204327,161.418079096045
7.90740695951286,161.491525423729
7.92592547698245,161.576271186441
7.94444399445203,161.627118644068
7.96296251192162,161.875706214689
7.9814810293912,162.062146892655
7.99999954686079,162.344632768362
8.01851806433037,162.587570621469
8.03703658179996,162.553672316384
8.05555509926954,162.135593220339
8.07407361673913,161.587570621469
8.09259213420871,161.118644067797
8.1111106516783,160.593220338983
8.12962916914788,160.271186440678
8.14814768661747,160.073446327684
8.16666620408705,159.915254237288
8.18518472155664,159.728813559322
8.20370323902622,159.299435028249
8.22222175649581,158.988700564972
8.24074027396539,158.734463276836
8.25925879143498,158.418079096045
8.27777730890456,158.141242937853
8.29629582637415,157.700564971751
8.31481434384373,157.084745762712
8.33333286131332,156.333333333333
8.3518513787829,155.762711864407
8.37036989625249,155.497175141243
8.38888841372207,155.265536723164
8.40740693119166,155.316384180791
8.42592544866124,155.457627118644
8.44444396613083,155.966101694915
8.46296248360041,156.581920903955
8.48148100107,157.254237288136
8.49999951853959,157.920903954802
8.51851803600917,158.38418079096
8.53703655347875,158.706214689266
8.55555507094834,158.576271186441
8.57407358841793,158.316384180791
8.59259210588751,157.768361581921
8.6111106233571,157.016949152542
8.62962914082668,156.327683615819
8.64814765829627,155.559322033898
8.66666617576585,155.19209039548
8.68518469323544,154.971751412429
8.70370321070502,155.090395480226
8.72222172817461,155.514124293785
8.74074024564419,156.101694915254
8.75925876311378,156.553672316384
8.77777728058336,156.983050847458
8.79629579805295,157.271186440678
8.81481431552253,157.406779661017
8.83333283299212,157.180790960452
8.8518513504617,156.926553672316
8.87036986793129,156.429378531073
8.88888838540087,155.875706214689
8.90740690287046,155.350282485876
8.92592542034004,155.028248587571
8.94444393780963,155.169491525424
8.96296245527921,155.559322033898
8.9814809727488,155.875706214689
8.99999949021838,156.683615819209
9.01851800768797,157.203389830508
9.03703652515755,157.892655367232
9.05555504262714,158.64406779661
9.07407356009672,159.395480225989
9.09259207756631,159.954802259887
9.11111059503589,160.101694915254
9.12962911250548,159.870056497175
9.14814762997507,159.045197740113
9.16666614744465,158.25988700565
9.18518466491424,157.367231638418
9.20370318238382,156.666666666667
9.2222216998534,156.169491525424
9.24074021732299,156.022598870056
9.25925873479258,156.022598870056
9.27777725226216,156.186440677966
9.29629576973175,156.514124293785
9.31481428720133,157.050847457627
9.33333280467092,157.819209039548
9.3518513221405,158.45197740113
9.37036983961009,158.949152542373
9.38888835707967,159.090395480226
9.40740687454926,158.80790960452
9.42592539201884,158.423728813559
9.44444390948843,158.09604519774
9.46296242695801,157.553672316384
9.4814809444276,156.694915254237
9.49999946189718,155.706214689266
9.51851797936677,154.762711864407
9.53703649683635,153.847457627119
9.55555501430594,153.022598870056
9.57407353177552,152.757062146893
9.59259204924511,152.474576271186
9.61111056671469,152.468926553672
9.62962908418428,152.389830508475
9.64814760165386,152.406779661017
9.66666611912345,152.514124293785
9.68518463659303,152.943502824859
9.70370315406262,153.694915254237
9.72222167153221,154.254237288136
9.74074018900179,154.847457627119
9.75925870647137,155.022598870056
9.77777722394096,155.231638418079
9.79629574141055,155.25988700565
9.81481425888013,155.361581920904
9.83333277634972,155.943502824859
9.8518512938193,156.497175141243
9.87036981128889,157.129943502825
9.88888832875847,157.525423728814
9.90740684622806,157.751412429379
9.92592536369764,157.813559322034
9.94444388116723,157.80790960452
9.96296239863681,157.779661016949
9.9814809161064,157.74011299435
9.99999943357598,157.694915254237
10.0185179510456,157.757062146893
10.0370364685152,158.084745762712
10.0555549859847,158.440677966102
10.0740735034543,158.847457627119
10.0925920209239,159.129943502825
10.1111105383935,159.310734463277
10.1296290558631,159.112994350282
10.1481475733327,158.762711864407
10.1666660908022,158.28813559322
10.1851846082718,158.005649717514
10.2037031257414,157.819209039548
10.222221643211,157.745762711864
10.2407401606806,157.717514124294
10.2592586781502,157.689265536723
10.2777771956198,157.661016949153
10.2962957130893,157.627118644068
10.3148142305589,157.723163841808
10.3333327480285,157.864406779661
10.3518512654981,158.225988700565
10.3703697829677,158.604519774011
10.3888883004373,159.039548022599
10.4074068179069,159.672316384181
10.4259253353764,160.316384180791
10.444443852846,161.039548022599
10.4629623703156,161.604519774011
10.4814808877852,162.005649717514
10.4999994052548,162.372881355932
10.5185179227244,162.38418079096
10.537036440194,162.045197740113
10.5555549576635,161.638418079096
10.5740734751331,161.09604519774
10.5925919926027,160.25988700565
10.6111105100723,159.649717514124
10.6296290275419,158.90395480226
10.6481475450115,158.344632768362
10.666666062481,157.64406779661
10.6851845799506,157.112994350282
10.7037030974202,156.694915254237
10.7222216148898,156.316384180791
10.7407401323594,156.429378531073
10.759258649829,156.83615819209
10.7777771672986,157.502824858757
10.7962956847681,158.112994350282
10.8148142022377,158.706214689266
10.8333327197073,158.943502824859
10.8518512371769,159.016949152542
10.8703697546465,159.056497175141
10.8888882721161,158.988700564972
10.9074067895857,158.83615819209
10.9259253070552,158.519774011299
10.9444438245248,158.35593220339
10.9629623419944,158.101694915254
10.981480859464,157.966101694915
10.9999993769336,158.005649717514
11.0185178944032,158.282485875706
11.0370364118727,158.655367231638
11.0555549293423,158.858757062147
11.0740734468119,158.875706214689
11.0925919642815,158.728813559322
11.1111104817511,158.74011299435
11.1296289992207,158.858757062147
11.1481475166903,159.005649717514
11.1666660341598,159.310734463277
11.1851845516294,159.672316384181
11.203703069099,160
11.2222215865686,160.333333333333
11.2407401040382,160.785310734463
11.2592586215078,161.316384180791
11.2777771389774,161.870056497175
11.2962956564469,162.254237288136
11.3148141739165,162.344632768362
11.3333326913861,162.197740112994
11.3518512088557,161.954802259887
11.3703697263253,161.932203389831
11.3888882437949,162.271186440678
11.4074067612645,162.666666666667
11.425925278734,163.050847457627
11.4444437962036,163.214689265537
11.4629623136732,163.225988700565
11.4814808311428,163.152542372881
11.4999993486124,163.033898305085
11.518517866082,163.16384180791
11.5370363835516,163.338983050847
11.5555549010211,163.225988700565
11.5740734184907,162.898305084746
11.5925919359603,162.25988700565
11.6111104534299,161.564971751412
11.6296289708995,160.943502824859
11.6481474883691,160.480225988701
11.6666660058386,160.101694915254
11.6851845233082,159.779661016949
11.7037030407778,159.124293785311
11.7222215582474,158.406779661017
11.740740075717,157.802259887006
11.7592585931866,157.531073446328
11.7777771106562,157.604519774011
11.7962956281257,157.728813559322
11.8148141455953,158.045197740113
11.8333326630649,158.576271186441
11.8518511805345,159.463276836158
11.8703696980041,160.435028248588
11.8888882154737,161.429378531073
11.9074067329433,162.54802259887
11.9259252504128,163.564971751412
11.9444437678824,164.338983050847
11.962962285352,164.468926553672
11.9814808028216,164.406779661017
11.9999993202912,164.090395480226
12.0185178377608,163.570621468927
12.0370363552303,162.819209039548
12.0555548726999,161.638418079096
12.0740733901695,160.299435028249
12.0925919076391,159.022598870056
12.1111104251087,157.706214689266
12.1296289425783,156.813559322034
12.1481474600479,156.305084745763
12.1666659775174,156.276836158192
12.185184494987,156.570621468927
12.2037030124566,156.971751412429
12.2222215299262,157.559322033898
12.2407400473958,158.084745762712
12.2592585648654,158.937853107345
12.277777082335,159.683615819209
12.2962955998045,160.406779661017
12.3148141172741,160.74011299435
12.3333326347437,160.819209039548
12.3518511522133,160.553672316384
12.3703696696829,160.011299435028
12.3888881871525,159.338983050847
12.4074067046221,158.45197740113
12.4259252220916,157.587570621469
12.4444437395612,156.412429378531
12.4629622570308,155.237288135593
12.4814807745004,153.966101694915
12.49999929197,152.723163841808
12.5185178094396,151.745762711864
12.5370363269091,151.050847457627
12.5555548443787,150.745762711864
12.5740733618483,150.677966101695
12.5925918793179,151.045197740113
12.6111103967875,151.841807909605
12.6296289142571,152.751412429379
12.6481474317267,153.847457627119
12.6666659491962,154.909604519774
12.6851844666658,155.915254237288
12.7037029841354,156.559322033898
12.722221501605,157.016949152542
12.7407400190746,157.19209039548
12.7592585365442,157.16384180791
12.7777770540138,156.977401129944
12.7962955714833,156.604519774011
12.8148140889529,156.084745762712
12.8333326064225,155.559322033898
12.8518511238921,154.638418079096
12.8703696413617,153.64406779661
12.8888881588313,152.525423728814
12.9074066763009,151.418079096045
12.9259251937704,150.327683615819
12.94444371124,149.38418079096
12.9629622287096,148.779661016949
12.9814807461792,148.378531073446
12.9999992636488,148.25988700565
13.0185177811184,148.457627118644
13.0370362985879,148.926553672316
13.0555548160575,149.80790960452
13.0740733335271,150.977401129944
13.0925918509967,152.389830508475
13.1111103684663,153.830508474576
13.1296288859359,155.022598870056
13.1481474034055,156.016949152542
13.166665920875,156.689265536723
13.1851844383446,157.333333333333
13.2037029558142,157.960451977401
13.2222214732838,158.401129943503
13.2407399907534,158.576271186441
13.259258508223,158.474576271186
13.2777770256926,158.338983050847
13.2962955431621,157.485875706215
13.3148140606317,156.937853107345
13.3333325781013,156.361581920904
13.3518510955709,155.813559322034
13.3703696130405,155.242937853107
13.3888881305101,154.779661016949
13.4074066479797,154.299435028249
13.4259251654492,154.022598870056
13.4444436829188,154.056497175141
13.4629622003884,154.440677966102
13.481480717858,154.977401129944
13.4999992353276,155.576271186441
13.5185177527972,156.112994350282
13.5370362702667,156.694915254237
13.5555547877363,157.310734463277
13.5740733052059,158.045197740113
13.5925918226755,158.853107344633
13.6111103401451,159.610169491525
13.6296288576147,160.050847457627
13.6481473750843,160.180790960452
13.6666658925538,160.067796610169
13.6851844100234,159.700564971751
13.703702927493,159.124293785311
13.7222214449626,158.819209039548
13.7407399624322,157.898305084746
13.7592584799018,157.146892655367
13.7777769973714,156.276836158192
13.7962955148409,155.723163841808
13.8148140323105,155.666666666667
13.8333325497801,156.305084745763
13.8518510672497,157.237288135593
13.8703695847193,158.152542372881
13.8888881021889,158.920903954802
13.9074066196584,159.248587570621
13.925925137128,159.327683615819
13.9444436545976,159.186440677966
13.9629621720672,158.920903954802
13.9814806895368,158.64406779661
13.9999992070064,158.186440677966
14.018517724476,157.536723163842
14.0370362419455,156.632768361582
14.0555547594151,155.649717514124
14.0740732768847,154.491525423729
14.0925917943543,153.485875706215
14.1111103118239,152.559322033898
14.1296288292935,151.412429378531
14.1481473467631,150.338983050847
14.1666658642326,149.587570621469
14.1851843817022,148.971751412429
14.2037028991718,148.768361581921
14.2222214166414,149.073446327684
14.240739934111,149.790960451977
14.2592584515806,150.728813559322
14.2777769690502,151.621468926554
14.2962954865197,152.457627118644
14.3148140039893,153.056497175141
14.3333325214589,153.536723163842
14.3518510389285,154.107344632768
14.3703695563981,154.700564971751
14.3888880738677,155.254237288136
14.4074065913372,155.90395480226
14.4259251088068,156.361581920904
14.4444436262764,156.389830508475
14.462962143746,156.209039548023
14.4814806612156,155.598870056497
14.4999991786852,154.762711864407
14.5185176961548,153.661016949153
14.5370362136243,152.83615819209
14.5555547310939,152.050847457627
14.5740732485635,151.440677966102
14.5925917660331,151.514124293785
14.6111102835027,151.847457627119
14.6296288009723,152.525423728814
14.6481473184419,153.203389830508
14.6666658359114,154.271186440678
14.685184353381,154.954802259887
14.7037028708506,155.474576271186
14.7222213883202,156.158192090395
14.7407399057898,156.502824858757
14.7592584232594,156.90395480226
14.777776940729,157.282485875706
14.7962954581985,157.672316384181
14.8148139756681,157.502824858757
14.8333324931377,157.124293785311
14.8518510106073,156.542372881356
14.8703695280769,155.745762711864
14.8888880455465,155.175141242938
14.907406563016,154.457627118644
14.9259250804856,154.293785310734
14.9444435979552,154.112994350282
14.9629621154248,154.395480225989
14.9814806328944,154.774011299435
14.999999150364,155.474576271186
15.0185176678336,156.508474576271
15.0370361853031,157.54802259887
15.0555547027727,158.344632768362
15.0740732202423,158.864406779661
15.0925917377119,158.875706214689
15.1111102551815,158.502824858757
15.1296287726511,158.016949152542
15.1481472901207,157.497175141243
15.1666658075902,156.875706214689
15.1851843250598,156.35593220339
15.2037028425294,155.598870056497
15.222221359999,154.83615819209
15.2407398774686,153.920903954802
15.2592583949382,153.406779661017
15.2777769124078,153.316384180791
15.2962954298773,153.525423728814
15.3148139473469,154.073446327684
15.3333324648165,154.971751412429
15.3518509822861,155.751412429379
15.3703694997557,156.757062146893
15.3888880172253,157.887005649718
15.4074065346948,159.293785310734
15.4259250521644,160.344632768362
15.444443569634,161.158192090395
15.4629620871036,161.627118644068
15.4814806045732,161.378531073446
15.4999991220428,160.819209039548
15.5185176395124,160.056497175141
15.5370361569819,159.276836158192
15.5555546744515,158.38418079096
15.5740731919211,157.672316384181
15.5925917093907,157.067796610169
15.6111102268603,156.80790960452
15.6296287443299,157.101694915254
15.6481472617995,157.649717514124
15.666665779269,158.796610169492
15.6851842967386,159.723163841808
15.7037028142082,160.717514124294
15.7222213316778,161.028248587571
15.7407398491474,160.887005649718
15.759258366617,160.45197740113
15.7777768840865,159.745762711864
15.7962954015561,159.022598870056
15.8148139190257,158.152542372881
15.8333324364953,157.005649717514
15.8518509539649,155.717514124294
15.8703694714345,154.672316384181
15.8888879889041,153.83615819209
15.9074065063736,153.485875706215
15.9259250238432,154.005649717514
15.9444435413128,154.717514124294
15.9629620587824,155.745762711864
15.981480576252,156.694915254237
15.9999990937216,157.819209039548
16.0185176111912,158.519774011299
16.0370361286607,158.926553672316
16.0555546461303,159.101694915254
16.0740731635999,158.80790960452
16.0925916810695,158.214689265537
16.1111101985391,157.45197740113
16.1296287160087,156.610169491525
16.1481472334783,155.570621468927
16.1666657509478,154.875706214689
16.1851842684174,154.237288135593
16.203702785887,153.395480225989
16.2222213033566,152.966101694915
16.2407398208262,152.661016949153
16.2592583382958,152.632768361582
16.2777768557653,152.785310734463
16.2962953732349,153.254237288136
16.3148138907045,153.994350282486
16.3333324081741,154.64406779661
16.3518509256437,155.107344632768
16.3703694431133,155.220338983051
16.3888879605829,155.593220338983
16.4074064780524,155.593220338983
16.425924995522,155.672316384181
16.4444435129916,155.514124293785
16.4629620304612,155.16384180791
16.4814805479308,154.54802259887
16.4999990654004,153.553672316384
16.51851758287,152.463276836158
16.5370361003395,151.254237288136
16.5555546178091,150.129943502825
16.5740731352787,149.299435028249
16.5925916527483,148.796610169492
16.6111101702179,148.525423728814
16.6296286876875,148.491525423729
16.6481472051571,148.74011299435
16.6666657226266,149.180790960452
16.6851842400962,149.796610169492
16.7037027575658,150.508474576271
16.7222212750354,151.333333333333
16.740739792505,152.152542372881
16.7592583099746,152.858757062147
16.7777768274441,153.367231638418
16.7962953449137,153.734463276836
16.8148138623833,153.802259887006
16.8333323798529,154.016949152542
16.8518508973225,153.74011299435
16.8703694147921,153.440677966102
16.8888879322617,152.661016949153
16.9074064497312,151.666666666667
16.9259249672008,150.604519774011
16.9444434846704,149.649717514124
16.96296200214,148.728813559322
16.9814805196096,148.045197740113
16.9999990370792,147.570621468927
17.0185175545488,147.090395480226
17.0370360720183,146.796610169492
17.0555545894879,146.593220338983
17.0740731069575,146.531073446328
17.0925916244271,146.926553672316
17.1111101418967,147.694915254237
17.1296286593663,148.508474576271
17.1481471768359,149.389830508475
17.1666656943054,150.305084745763
17.185184211775,151.327683615819
17.2037027292446,152.28813559322
17.2222212467142,153.282485875706
17.2407397641838,154.305084745763
17.2592582816534,154.853107344633
17.2777767991229,155.344632768362
17.2962953165925,155.197740112994
17.3148138340621,155.101694915254
17.3333323515317,154.61581920904
17.3518508690013,154.067796610169
17.3703693864709,153.468926553672
17.3888879039405,152.598870056497
17.40740642141,151.80790960452
17.4259249388796,151.011299435028
17.4444434563492,150.632768361582
17.4629619738188,150.38418079096
17.4814804912884,150.378531073446
17.499999008758,150.576271186441
17.5185175262276,150.943502824859
17.5370360436971,151.276836158192
17.5555545611667,151.689265536723
17.5740730786363,152.418079096045
17.5925915961059,153.220338983051
17.6111101135755,154.338983050847
17.6296286310451,155.497175141243
17.6481471485146,156.25988700565
17.6666656659842,156.757062146893
17.6851841834538,156.762711864407
17.7037027009234,156.327683615819
17.722221218393,155.915254237288
17.7407397358626,155.16384180791
17.7592582533322,154.423728813559
17.7777767708017,153.570621468927
17.7962952882713,152.864406779661
17.8148138057409,152.491525423729
17.8333323232105,152.152542372881
17.8518508406801,152.16384180791
17.8703693581497,152.209039548023
17.8888878756193,152.435028248588
17.9074063930888,152.474576271186
17.9259249105584,152.802259887006
17.944443428028,153.084745762712
17.9629619454976,153.559322033898
17.9814804629672,154.254237288136
17.9999989804368,154.892655367232
18.0185174979064,155.672316384181
18.0370360153759,156.169491525424
18.0555545328455,156.706214689266
18.0740730503151,157.271186440678
18.0925915677847,157.683615819209
18.1111100852543,157.960451977401
18.1296286027239,158.169491525424
18.1481471201935,157.90395480226
18.166665637663,157.54802259887
18.1851841551326,157.16384180791
18.2037026726022,156.977401129944
18.2222211900718,156.920903954802
18.2407397075414,157.039548022599
18.259258225011,157.084745762712
18.2777767424805,157.022598870056
18.2962952599501,156.966101694915
18.3148137774197,156.632768361582
18.3333322948893,156.299435028249
18.3518508123589,155.881355932203
18.3703693298285,155.717514124294
18.3888878472981,155.745762711864
18.4074063647676,155.762711864407
18.4259248822372,156.141242937853
18.4444433997068,156.966101694915
18.4629619171764,158.209039548023
18.481480434646,159.71186440678
18.4999989521156,161.45197740113
18.5185174695852,163.028248587571
18.5370359870547,164
18.5555545045243,164.559322033898
18.5740730219939,164.853107344633
18.5925915394635,164.581920903955
18.6111100569331,164.254237288136
18.6296285744027,164.028248587571
18.6481470918722,163.909604519774
18.6666656093418,163.830508474576
18.6851841268114,163.988700564972
18.703702644281,164.180790960452
18.7222211617506,164.197740112994
18.7407396792202,164.423728813559
18.7592581966898,164.819209039548
18.7777767141593,165.265536723164
18.7962952316289,165.632768361582
18.8148137490985,166.197740112994
18.8333322665681,166.570621468927
18.8518507840377,166.689265536723
18.8703693015073,166.677966101695
18.8888878189769,166.502824858757
18.9074063364464,166.333333333333
18.925924853916,166.084745762712
18.9444433713856,165.790960451977
18.9629618888552,165.677966101695
18.9814804063248,165.587570621469
18.9999989237944,165.372881355932
19.018517441264,164.983050847458
19.0370359587335,164.638418079096
19.0555544762031,164.276836158192
19.0740729936727,163.790960451977
19.0925915111423,163.310734463277
19.1111100286119,163.124293785311
19.1296285460815,163.45197740113
19.148147063551,164.112994350282
19.1666655810206,165.38418079096
19.1851840984902,166.977401129944
19.2037026159598,168.751412429379
19.2222211334294,170.203389830508
19.240739650899,171.333333333333
19.2592581683686,171.994350282486
19.2777766858381,172.050847457627
19.2962952033077,171.649717514124
19.3148137207773,170.717514124294
19.3333322382469,169.587570621469
19.3518507557165,168.322033898305
19.3703692731861,167.231638418079
19.3888877906557,166.214689265537
19.4074063081252,165.446327683616
19.4259248255948,165.282485875706
19.4444433430644,165.305084745763
19.462961860534,165.293785310734
19.4814803780036,165.604519774011
19.4999988954732,165.971751412429
19.5185174129427,166.564971751412
19.5370359304123,167.09604519774
19.5555544478819,167.790960451977
19.5740729653515,168.25988700565
19.5925914828211,168.271186440678
19.6111100002907,167.853107344633
19.6296285177603,167.186440677966
19.6481470352298,166.570621468927
19.6666655526994,165.666666666667
19.685184070169,164.813559322034
19.7037025876386,163.757062146893
19.7222211051082,162.638418079096
19.7407396225778,161.293785310734
19.7592581400474,159.887005649718
19.7777766575169,159.056497175141
19.7962951749865,158.457627118644
19.8148136924561,158.429378531073
19.8333322099257,158.350282485876
19.8518507273953,158.531073446328
19.8703692448649,158.700564971751
19.8888877623345,158.898305084746
19.907406279804,159.242937853107
19.9259247972736,159.598870056497
19.9444433147432,159.983050847458
19.9629618322128,159.790960451977
19.9814803496824,159.485875706215
19.999998867152,158.994350282486
20.0185173846216,158.333333333333
20.0370359020911,157.64406779661
20.0555544195607,156.853107344633
20.0740729370303,156.203389830508
20.0925914544999,155.322033898305
20.1111099719695,154.423728813559
20.1296284894391,153.457627118644
20.1481470069086,152.559322033898
20.1666655243782,151.858757062147
20.1851840418478,151.429378531073
20.2037025593174,151.158192090395
20.222221076787,151.237288135593
20.2407395942566,151.282485875706
20.2592581117262,151.389830508475
20.2777766291957,151.570621468927
20.2962951466653,151.813559322034
20.3148136641349,152.09604519774
20.3333321816045,152.350282485876
20.3518506990741,152.553672316384
20.3703692165437,152.468926553672
20.3888877340133,152.237288135593
20.4074062514828,151.661016949153
20.4259247689524,150.90395480226
20.444443286422,149.90395480226
20.4629618038916,148.71186440678
20.4814803213612,147.593220338983
20.4999988388308,146.395480225989
20.5185173563003,145.480225988701
20.5370358737699,144.779661016949
20.5555543912395,144.19209039548
20.5740729087091,143.954802259887
20.5925914261787,144.073446327684
20.6111099436483,144.327683615819
20.6296284611179,144.553672316384
20.6481469785874,145.022598870056
20.666665496057,145.621468926554
20.6851840135266,146.152542372881
20.7037025309962,146.525423728814
20.7222210484658,147.073446327684
20.7407395659354,147.316384180791
20.759258083405,147.406779661017
20.7777766008745,147.468926553672
20.7962951183441,147.203389830508
20.8148136358137,146.649717514124
20.8333321532833,146.197740112994
20.8518506707529,145.779661016949
20.8703691882225,145.531073446328
20.8888877056921,145.361581920904
20.9074062231616,145.293785310734
20.9259247406312,145.378531073446
20.9444432581008,145.435028248588
20.9629617755704,145.468926553672
20.98148029304,145.706214689266
20.9999988105096,145.853107344633
21.0185173279791,146.186440677966
21.0370358454487,146.649717514124
21.0555543629183,146.932203389831
21.0740728803879,147.231638418079
21.0925913978575,147.525423728814
21.1111099153271,147.785310734463
21.1296284327967,147.920903954802
21.1481469502662,147.90395480226
21.1666654677358,147.785310734463
21.1851839852054,147.564971751412
21.203702502675,147.463276836158
21.2222210201446,147.480225988701
21.2407395376142,147.728813559322
21.2592580550838,148.457627118644
21.2777765725533,148.937853107345
21.2962950900229,149.395480225989
21.3148136074925,149.949152542373
21.3333321249621,150.757062146893
21.3518506424317,151.593220338983
21.3703691599013,152.581920903955
21.3888876773709,153.694915254237
21.4074061948404,154.649717514124
21.42592471231,155.474576271186
21.4444432297796,156.118644067797
21.4629617472492,156.853107344633
21.4814802647188,157.570621468927
21.4999987821884,158.203389830508
21.5185172996579,158.790960451977
21.5370358171275,159.129943502825
21.5555543345971,159.180790960452
21.5740728520667,159.16384180791
21.5925913695363,159.016949152542
21.6111098870059,159.214689265537
21.6296284044755,159.457627118644
21.648146921945,159.870056497175
21.6666654394146,160.316384180791
21.6851839568842,160.757062146893
21.7037024743538,161.310734463277
21.7222209918234,161.988700564972
21.740739509293,162.672316384181
21.7592580267626,163.480225988701
21.7777765442321,164.090395480226
21.7962950617017,164.25988700565
21.8148135791713,164.305084745763
21.8333320966409,164.440677966102
21.8518506141105,164.457627118644
21.8703691315801,164.570621468927
21.8888876490497,164.491525423729
21.9074061665192,164.497175141243
21.9259246839888,164.282485875706
21.9444432014584,163.988700564972
21.962961718928,163.610169491525
21.9814802363976,163.361581920904
21.9999987538672,163.265536723164
22.0185172713367,163.152542372881
22.0370357888063,163.305084745763
22.0555543062759,163.389830508475
22.0740728237455,163.576271186441
22.0925913412151,164
22.1111098586847,164.491525423729
22.1296283761543,165.022598870056
22.1481468936238,165.435028248588
22.1666654110934,165.847457627119
22.185183928563,166.084745762712
22.2037024460326,166.25988700565
22.2222209635022,166.146892655367
22.2407394809718,166.011299435028
22.2592579984414,165.915254237288
22.2777765159109,165.774011299435
22.2962950333805,165.519774011299
22.3148135508501,165.350282485876
22.3333320683197,165.338983050847
22.3518505857893,165.209039548023
22.3703691032589,165.084745762712
22.3888876207285,165.101694915254
22.407406138198,165.25988700565
22.4259246556676,165.508474576271
22.4444431731372,165.819209039548
22.4629616906068,166.056497175141
22.4814802080764,166.305084745763
22.499998725546,166.468926553672
22.5185172430155,166.824858757062
22.5370357604851,167.19209039548
22.5555542779547,167.536723163842
22.5740727954243,168.005649717514
22.5925913128939,168.412429378531
22.6111098303635,168.870056497175
22.6296283478331,169.135593220339
22.6481468653026,169.587570621469
22.6666653827722,169.864406779661
22.6851839002418,170.146892655367
22.7037024177114,170.519774011299
22.722220935181,170.751412429379
22.7407394526506,170.734463276836
22.7592579701202,170.694915254237
22.7777764875897,170.564971751412
22.7962950050593,170.457627118644
22.8148135225289,170.112994350282
22.8333320399985,169.824858757062
22.8518505574681,169.429378531073
22.8703690749377,168.954802259887
22.8888875924072,168.361581920904
22.9074061098768,167.932203389831
22.9259246273464,167.649717514124
22.944443144816,167.457627118644
22.9629616622856,167.186440677966
22.9814801797552,166.994350282486
22.9999986972248,166.937853107345
23.0185172146943,166.864406779661
23.0370357321639,166.819209039548
23.0555542496335,166.881355932203
23.0740727671031,167.016949152542
23.0925912845727,167.056497175141
23.1111098020423,166.949152542373
23.1296283195119,166.813559322034
23.1481468369814,166.570621468927
23.166665354451,166.146892655367
23.1851838719206,165.819209039548
23.2037023893902,165.638418079096
23.2222209068598,165.491525423729
23.2407394243294,165.09604519774
23.259257941799,164.875706214689
23.2777764592685,164.824858757062
23.2962949767381,164.870056497175
23.3148134942077,164.864406779661
23.3333320116773,164.830508474576
23.3518505291469,164.661016949153
23.3703690466165,163.988700564972
23.388887564086,163.242937853107
23.4074060815556,162.717514124294
23.4259245990252,162.378531073446
23.4444431164948,162.271186440678
23.4629616339644,162.423728813559
23.481480151434,162.666666666667
23.4999986689036,162.977401129944
23.5185171863731,163.372881355932
23.5370357038427,164.056497175141
23.5555542213123,164.745762711864
23.5740727387819,165.435028248588
23.5925912562515,165.909604519774
23.6111097737211,165.954802259887
23.6296282911907,165.734463276836
23.6481468086602,165.276836158192
23.6666653261298,165.197740112994
23.6851838435994,164.864406779661
23.703702361069,164.745762711864
23.7222208785386,164.502824858757
23.7407393960082,163.847457627119
23.7592579134778,162.841807909605
23.7777764309473,161.926553672316
23.7962949484169,161.056497175141
23.8148134658865,160.214689265537
23.8333319833561,159.350282485876
23.8518505008257,158.322033898305
23.8703690182953,157.242937853107
23.8888875357648,156.146892655367
23.9074060532344,155.16384180791
23.925924570704,154.672316384181
23.9444430881736,154.248587570621
23.9629616056432,154
23.9814801231128,153.508474576271
23.9999986405824,153.011299435028
24.0185171580519,152.491525423729
24.0370356755215,152.056497175141
24.0555541929911,151.74011299435
24.0740727104607,151.502824858757
24.0925912279303,151.231638418079
24.1111097453999,150.700564971751
24.1296282628695,150.079096045198
24.148146780339,149.35593220339
24.1666652978086,148.666666666667
24.1851838152782,147.937853107345
24.2037023327478,147.203389830508
24.2222208502174,146.706214689266
24.240739367687,146.005649717514
24.2592578851566,145.666666666667
24.2777764026261,145.090395480226
24.2962949200957,144.666666666667
24.3148134375653,144.525423728814
24.3333319550349,144.525423728814
24.3518504725045,144.468926553672
24.3703689899741,144.378531073446
24.3888875074436,144.418079096045
24.4074060249132,144.327683615819
24.4259245423828,144.19209039548
24.4444430598524,144.011299435028
24.462961577322,143.706214689266
24.4814800947916,143.440677966102
24.4999986122612,143.005649717514
24.5185171297307,142.491525423729
24.5370356472003,141.920903954802
24.5555541646699,141.197740112994
24.5740726821395,140.502824858757
24.5925911996091,139.83615819209
24.6111097170787,139.299435028249
24.6296282345483,138.875706214689
24.6481467520178,138.581920903955
24.6666652694874,138.610169491525
24.685183786957,138.638418079096
24.7037023044266,138.966101694915
24.7222208218962,139.254237288136
24.7407393393658,139.604519774011
24.7592578568353,140.169491525424
24.7777763743049,140.649717514124
24.7962948917745,141.118644067797
24.8148134092441,141.242937853107
24.8333319267137,141.508474576271
24.8518504441833,141.435028248588
24.8703689616529,141.559322033898
24.8888874791224,141.649717514124
24.907405996592,141.830508474576
24.9259245140616,141.768361581921
24.9444430315312,141.395480225989
24.9629615490008,141.050847457627
24.9814800664704,140.610169491525
24.99999858394,140.169491525424
25.0185171014095,139.898305084746
25.0370356188791,139.802259887006
25.0555541363487,139.892655367232
25.0740726538183,140.158192090395
25.0925911712879,140.875706214689
25.1111096887575,141.638418079096
25.1296282062271,142.689265536723
25.1481467236966,143.231638418079
25.1666652411662,143.90395480226
25.1851837586358,144.225988700565
25.2037022761054,144.276836158192
25.222220793575,144.412429378531
25.2407393110446,144.74011299435
25.2592578285141,144.932203389831
25.2777763459837,145.271186440678
25.2962948634533,145.293785310734
25.3148133809229,145.129943502825
25.3333318983925,144.700564971751
25.3518504158621,144.214689265537
25.3703689333317,144.073446327684
25.3888874508012,144.35593220339
25.4074059682708,144.943502824859
25.4259244857404,145.689265536723
25.44444300321,146.576271186441
25.4629615206796,147.632768361582
25.4814800381492,148.757062146893
25.4999985556188,149.774011299435
25.5185170730883,150.71186440678
25.5370355905579,151.395480225989
25.5555541080275,151.406779661017
25.5740726254971,151.310734463277
25.5925911429667,150.71186440678
25.6111096604363,150.372881355932
25.6296281779059,149.977401129944
25.6481466953754,149.655367231638
25.666665212845,149.389830508475
25.6851837303146,149.135593220339
25.7037022477842,149.101694915254
25.7222207652538,149.067796610169
25.7407392827234,149.497175141243
25.7592578001929,150.084745762712
25.7777763176625,150.90395480226
25.7962948351321,151.64406779661
25.8148133526017,152.350282485876
25.8333318700713,152.864406779661
25.8518503875409,153.152542372881
25.8703689050105,153.350282485876
25.88888742248,153.35593220339
25.9074059399496,153.412429378531
25.9259244574192,153.378531073446
25.9444429748888,153.084745762712
25.9629614923584,152.994350282486
25.981480009828,153.378531073446
25.9999985272976,153.677966101695
26.0185170447671,154.129943502825
26.0370355622367,154.700564971751
26.0555540797063,155.28813559322
26.0740725971759,155.858757062147
26.0925911146455,156.418079096045
26.1111096321151,156.757062146893
26.1296281495847,156.926553672316
26.1481466670542,157.112994350282
26.1666651845238,156.932203389831
26.1851837019934,156.790960451977
26.203702219463,156.485875706215
26.2222207369326,156.282485875706
26.2407392544022,156.293785310734
26.2592577718717,156.734463276836
26.2777762893413,157.38418079096
26.2962948068109,158.011299435028
26.3148133242805,158.819209039548
26.3333318417501,159.316384180791
26.3518503592197,159.847457627119
26.3703688766893,160.344632768362
26.3888873941588,160.64406779661
26.4074059116284,160.960451977401
26.425924429098,161.361581920904
26.4444429465676,161.892655367232
26.4629614640372,162.16384180791
26.4814799815068,162.638418079096
26.4999984989764,162.870056497175
26.5185170164459,163.28813559322
26.5370355339155,163.909604519774
26.5555540513851,164.779661016949
26.5740725688547,165.841807909605
26.5925910863243,166.841807909605
26.6111096037939,167.672316384181
26.6296281212634,168.180790960452
26.648146638733,168.440677966102
26.6666651562026,168.54802259887
26.6851836736722,168.655367231638
26.7037021911418,168.819209039548
26.7222207086114,168.954802259887
26.740739226081,169.090395480226
26.7592577435505,169.022598870056
26.7777762610201,169.056497175141
26.7962947784897,169.050847457627
26.8148132959593,169.418079096045
26.8333318134289,169.813559322034
26.8518503308985,170.265536723164
26.8703688483681,170.83615819209
26.8888873658376,171.372881355932
26.9074058833072,171.790960451977
26.9259244007768,172.344632768362
26.9444429182464,172.723163841808
26.962961435716,173.028248587571
26.9814799531856,173.005649717514
26.9999984706552,172.728813559322
27.0185169881247,172.050847457627
27.0370355055943,171.485875706215
27.0555540230639,170.90395480226
27.0740725405335,170.514124293785
27.0925910580031,170.141242937853
27.1111095754727,169.790960451977
27.1296280929422,169.231638418079
27.1481466104118,168.779661016949
27.1666651278814,168.474576271186
27.185183645351,168.531073446328
27.2037021628206,168.689265536723
27.2222206802902,169.141242937853
27.2407391977598,169.480225988701
27.2592577152293,169.790960451977
27.2777762326989,169.988700564972
27.2962947501685,170.242937853107
27.3148132676381,170.440677966102
27.3333317851077,170.468926553672
27.3518503025773,170.344632768362
27.3703688200469,169.881355932203
27.3888873375164,169.254237288136
27.407405854986,168.694915254237
27.4259243724556,168.350282485876
27.4444428899252,168.25988700565
27.4629614073948,168.062146892655
27.4814799248644,167.785310734463
27.499998442334,167.435028248588
27.5185169598035,166.887005649718
27.5370354772731,166.322033898305
27.5555539947427,165.909604519774
27.5740725122123,165.661016949153
27.5925910296819,165.423728813559
27.6111095471515,164.926553672316
27.629628064621,164.406779661017
27.6481465820906,163.64406779661
27.6666650995602,163.107344632768
27.6851836170298,162.909604519774
27.7037021344994,162.774011299435
27.722220651969,162.830508474576
27.7407391694386,162.728813559322
27.7592576869081,162.367231638418
27.7777762043777,162.005649717514
27.7962947218473,161.570621468927
27.8148132393169,161.152542372881
27.8333317567865,160.757062146893
27.8518502742561,160.38418079096
27.8703687917257,159.949152542373
27.8888873091952,159.344632768362
27.9074058266648,158.80790960452
27.9259243441344,158.480225988701
27.944442861604,158.186440677966
27.9629613790736,158.124293785311
27.9814798965432,158.005649717514
27.9999984140128,157.858757062147
28.0185169314823,157.774011299435
28.0370354489519,157.61581920904
28.0555539664215,157.525423728814
28.0740724838911,157.418079096045
28.0925910013607,157.378531073446
28.1111095188303,157.16384180791
28.1296280362998,156.90395480226
28.1481465537694,156.474576271186
28.166665071239,155.954802259887
28.1851835887086,155.372881355932
28.2037021061782,154.683615819209
28.2222206236478,154.039548022599
28.2407391411174,153.395480225989
28.2592576585869,152.745762711864
28.2777761760565,152.305084745763
28.2962946935261,151.926553672316
28.3148132109957,151.598870056497
28.3333317284653,151.570621468927
