"Date: 11/19/2019 11:36:36 AM"
0
#TRUE#,#FALSE#,#FALSE#
#TRUE#
79.8,79.8,79.8
"E:\Scan 3\Coral_2s2_2_7_DLAB14.bmp"
""
191,555,1622,535,1618,214,187,234
1432
0,185.450310559006
.012531328320802,185.841614906832
.025062656641604,185.94099378882
.037593984962406,185.965838509317
.050125313283208,185.655279503106
.06265664160401,185.136645962733
.075187969924812,184.285714285714
.087719298245614,183.350931677019
.100250626566416,182.295031055901
.112781954887218,181.055900621118
.12531328320802,179.770186335404
.137844611528822,178.509316770186
.150375939849624,177.478260869565
.162907268170426,176.422360248447
.175438596491228,175.621118012422
.18796992481203,175.037267080745
.200501253132832,174.633540372671
.213032581453634,174.38198757764
.225563909774436,174.273291925466
.238095238095238,174.149068322981
.25062656641604,174.242236024845
.263157894736842,174.195652173913
.275689223057644,174.124223602484
.288220551378446,174.015527950311
.300751879699248,173.959627329193
.31328320802005,173.801242236025
.325814536340852,173.739130434783
.338345864661654,173.649068322981
.350877192982456,173.599378881988
.363408521303258,173.621118012422
.37593984962406,173.649068322981
.388471177944862,173.767080745342
.401002506265664,174.037267080745
.413533834586466,174.388198757764
.426065162907268,174.714285714286
.43859649122807,175.055900621118
.451127819548872,175.506211180124
.463659147869674,175.885093167702
.476190476190476,176.158385093168
.488721804511278,176.344720496894
.50125313283208,176.394409937888
.513784461152882,176.493788819876
.526315789473684,176.394409937888
.538847117794486,176.316770186335
.551378446115288,176.074534161491
.56390977443609,175.736024844721
.576441102756892,175.344720496894
.588972431077694,175.006211180124
.601503759398496,174.639751552795
.614035087719298,174.276397515528
.6265664160401,173.993788819876
.639097744360902,173.788819875776
.651629072681704,173.757763975155
.664160401002506,173.704968944099
.676691729323308,173.866459627329
.68922305764411,174.198757763975
.701754385964912,174.621118012422
.714285714285714,175.015527950311
.726817042606516,175.509316770186
.739348370927318,175.931677018634
.75187969924812,176.378881987578
.764411027568922,176.732919254658
.776942355889724,176.968944099379
.789473684210526,177.074534161491
.802005012531328,177.068322981366
.81453634085213,177.108695652174
.827067669172932,177.108695652174
.839598997493734,177.145962732919
.852130325814536,177.052795031056
.864661654135338,177.003105590062
.87719298245614,176.894409937888
.889724310776942,176.866459627329
.902255639097744,176.714285714286
.914786967418546,176.468944099379
.927318295739348,176.189440993789
.93984962406015,175.900621118012
.952380952380952,175.537267080745
.964912280701754,175.068322981366
.977443609022556,174.586956521739
.989974937343358,174.096273291925
1.00250626566416,173.521739130435
1.01503759398496,173.049689440994
1.02756892230576,172.590062111801
1.04010025062657,172.167701863354
1.05263157894737,171.953416149068
1.06516290726817,171.77950310559
1.07769423558897,171.83850931677
1.09022556390977,171.885093167702
1.10275689223058,171.996894409938
1.11528822055138,172.099378881988
1.12781954887218,172.208074534161
1.14035087719298,172.434782608696
1.15288220551378,172.506211180124
1.16541353383459,172.698757763975
1.17794486215539,172.832298136646
1.19047619047619,173.052795031056
1.20300751879699,173.270186335404
1.21553884711779,173.524844720497
1.2280701754386,173.944099378882
1.2406015037594,174.226708074534
1.2531328320802,174.630434782609
1.265664160401,175.015527950311
1.2781954887218,175.366459627329
1.29072681704261,175.773291925466
1.30325814536341,176.214285714286
1.31578947368421,176.60248447205
1.32832080200501,176.993788819876
1.34085213032581,177.326086956522
1.35338345864662,177.791925465839
1.36591478696742,178.11801242236
1.37844611528822,178.260869565217
1.39097744360902,178.33850931677
1.40350877192982,178.369565217391
1.41604010025063,178.282608695652
1.42857142857143,178.121118012422
1.44110275689223,177.978260869565
1.45363408521303,177.751552795031
1.46616541353383,177.61801242236
1.47869674185464,177.416149068323
1.49122807017544,177.369565217391
1.50375939849624,177.388198757764
1.51629072681704,177.416149068323
1.52882205513784,177.658385093168
1.54135338345865,177.763975155279
1.55388471177945,178.055900621118
1.56641604010025,178.347826086957
1.57894736842105,178.686335403727
1.59147869674185,179.027950310559
1.60401002506266,179.428571428571
1.61654135338346,179.857142857143
1.62907268170426,180.152173913043
1.64160401002506,180.413043478261
1.65413533834586,180.61801242236
1.66666666666667,180.816770186335
1.67919799498747,180.88198757764
1.69172932330827,180.869565217391
1.70426065162907,180.698757763975
1.71679197994987,180.472049689441
1.72932330827068,180.248447204969
1.74185463659148,179.959627329193
1.75438596491228,179.664596273292
1.76691729323308,179.372670807453
1.77944862155388,179.003105590062
1.79197994987469,178.686335403727
1.80451127819549,178.357142857143
1.81704260651629,178.027950310559
1.82957393483709,177.729813664596
1.84210526315789,177.493788819876
1.8546365914787,177.149068322981
1.8671679197995,176.835403726708
1.8796992481203,176.680124223602
1.8922305764411,176.534161490683
1.9047619047619,176.419254658385
1.91729323308271,176.400621118012
1.92982456140351,176.422360248447
1.94235588972431,176.444099378882
1.95488721804511,176.506211180124
1.96741854636591,176.624223602484
1.97994987468672,176.701863354037
1.99248120300752,176.680124223602
2.00501253132832,176.72049689441
2.01754385964912,176.770186335404
2.03007518796993,176.854037267081
2.04260651629073,176.944099378882
2.05513784461153,176.972049689441
2.06766917293233,177.068322981366
2.08020050125313,177.263975155279
2.09273182957394,177.369565217391
2.10526315789474,177.5
2.11779448621554,177.531055900621
2.13032581453634,177.596273291925
2.14285714285714,177.66149068323
2.15538847117795,177.742236024845
2.16791979949875,177.77950310559
2.18045112781955,177.701863354037
2.19298245614035,177.649068322981
2.20551378446115,177.577639751553
2.21804511278195,177.515527950311
2.23057644110276,177.406832298137
2.24310776942356,177.409937888199
2.25563909774436,177.27950310559
2.26817042606516,177.121118012422
2.28070175438596,176.975155279503
2.29323308270677,176.813664596273
2.30576441102757,176.683229813665
2.31829573934837,176.537267080745
2.33082706766917,176.45652173913
2.34335839598997,176.434782608696
2.35588972431078,176.310559006211
2.36842105263158,176.33850931677
2.38095238095238,176.378881987578
2.39348370927318,176.475155279503
2.40601503759398,176.562111801242
2.41854636591479,176.692546583851
2.43107769423559,176.919254658385
2.44360902255639,177.158385093168
2.45614035087719,177.450310559006
2.468671679198,177.723602484472
2.4812030075188,178.037267080745
2.4937343358396,178.307453416149
2.5062656641604,178.586956521739
2.5187969924812,178.968944099379
2.53132832080201,179.263975155279
2.54385964912281,179.639751552795
2.55639097744361,179.965838509317
2.56892230576441,180.326086956522
2.58145363408521,180.667701863354
2.59398496240602,180.944099378882
2.60651629072682,181.099378881988
2.61904761904762,181.242236024845
2.63157894736842,181.304347826087
2.64411027568922,181.270186335404
2.65664160401003,181.105590062112
2.66917293233083,180.937888198758
2.68170426065163,180.717391304348
2.69423558897243,180.459627329193
2.70676691729323,180.183229813665
2.71929824561404,179.925465838509
2.73182957393484,179.531055900621
2.74436090225564,179.099378881988
2.75689223057644,178.729813664596
2.76942355889724,178.304347826087
2.78195488721805,177.798136645963
2.79448621553885,177.409937888199
2.80701754385965,177.114906832298
2.81954887218045,176.835403726708
2.83208020050125,176.655279503106
2.84461152882206,176.540372670807
2.85714285714286,176.596273291925
2.86967418546366,176.633540372671
2.88220551378446,176.810559006211
2.89473684210526,177.049689440994
2.90726817042607,177.447204968944
2.91979949874687,177.767080745342
2.93233082706767,178.149068322981
2.94486215538847,178.649068322981
2.95739348370927,179.083850931677
2.96992481203008,179.509316770186
2.98245614035088,179.931677018634
2.99498746867168,180.360248447205
3.00751879699248,180.760869565217
3.02005012531328,181.027950310559
3.03258145363409,181.344720496894
3.04511278195489,181.689440993789
3.05764411027569,181.959627329193
3.07017543859649,182.232919254658
3.08270676691729,182.484472049689
3.0952380952381,182.763975155279
3.1077694235589,182.931677018634
3.1203007518797,183.006211180124
3.1328320802005,183
3.1453634085213,183.121118012422
3.15789473684211,182.841614906832
3.17042606516291,182.565217391304
3.18295739348371,182.114906832298
3.19548872180451,181.711180124224
3.20802005012531,181.304347826087
3.22055137844612,180.847826086957
3.23308270676692,180.496894409938
3.24561403508772,180.242236024845
3.25814536340852,180.105590062112
3.27067669172932,180.006211180124
3.28320802005013,180.009316770186
3.29573934837093,180.055900621118
3.30827067669173,180.170807453416
3.32080200501253,180.354037267081
3.33333333333333,180.475155279503
3.34586466165414,180.590062111801
3.35839598997494,180.791925465839
3.37092731829574,180.922360248447
3.38345864661654,181.090062111801
3.39598997493734,181.189440993789
3.40852130325815,181.285714285714
3.42105263157895,181.33850931677
3.43358395989975,181.298136645963
3.44611528822055,181.214285714286
3.45864661654135,180.962732919255
3.47117794486216,180.683229813665
3.48370927318296,180.394409937888
3.49624060150376,180.121118012422
3.50877192982456,179.909937888199
3.52130325814536,179.714285714286
3.53383458646617,179.66149068323
3.54636591478697,179.636645962733
3.55889724310777,179.695652173913
3.57142857142857,179.788819875776
3.58395989974937,180.093167701863
3.59649122807018,180.39751552795
3.60902255639098,180.813664596273
3.62155388471178,181.223602484472
3.63408521303258,181.732919254658
3.64661654135338,182.437888198758
3.65914786967419,182.975155279503
3.67167919799499,183.642857142857
3.68421052631579,184.062111801242
3.69674185463659,184.459627329193
3.70927318295739,184.583850931677
3.7218045112782,184.586956521739
3.734335839599,184.453416149068
3.7468671679198,184.226708074534
3.7593984962406,183.788819875776
3.7719298245614,183.335403726708
3.78446115288221,182.717391304348
3.79699248120301,182.077639751553
3.80952380952381,181.388198757764
3.82205513784461,180.580745341615
3.83458646616541,179.916149068323
3.84711779448622,179.040372670807
3.85964912280702,178.208074534161
3.87218045112782,177.419254658385
3.88471177944862,176.850931677019
3.89724310776942,176.307453416149
3.90977443609023,175.785714285714
3.92230576441103,175.583850931677
3.93483709273183,175.574534161491
3.94736842105263,175.66149068323
3.95989974937343,175.726708074534
3.97243107769424,175.944099378882
3.98496240601504,176.288819875776
3.99749373433584,176.698757763975
4.01002506265664,177.158385093168
4.02255639097744,177.630434782609
4.03508771929825,178.133540372671
4.04761904761905,178.673913043478
4.06015037593985,179.214285714286
4.07268170426065,179.89751552795
4.08521303258145,180.512422360248
4.09774436090226,181.111801242236
4.11027568922306,181.751552795031
4.12280701754386,182.394409937888
4.13533834586466,182.894409937888
4.14786967418546,183.335403726708
4.16040100250627,183.704968944099
4.17293233082707,183.962732919255
4.18546365914787,184.11801242236
4.19799498746867,184.158385093168
4.21052631578947,183.916149068323
4.22305764411028,183.763975155279
4.23558897243108,183.462732919255
4.24812030075188,183.124223602484
4.26065162907268,182.621118012422
4.27318295739348,182.139751552795
4.28571428571429,181.655279503106
4.29824561403509,181.198757763975
4.31077694235589,180.795031055901
4.32330827067669,180.475155279503
4.33583959899749,180.192546583851
4.3483709273183,179.916149068323
4.3609022556391,179.798136645963
4.3734335839599,179.67701863354
4.3859649122807,179.540372670807
4.3984962406015,179.481366459627
4.41102756892231,179.518633540373
4.42355889724311,179.55900621118
4.43609022556391,179.608695652174
4.44862155388471,179.698757763975
4.46115288220551,179.751552795031
4.47368421052632,179.83850931677
4.48621553884712,180.021739130435
4.49874686716792,180.198757763975
4.51127819548872,180.372670807453
4.52380952380952,180.670807453416
4.53634085213033,180.835403726708
4.54887218045113,181.152173913043
4.56140350877193,181.214285714286
4.57393483709273,181.310559006211
4.58646616541353,181.288819875776
4.59899749373434,181.152173913043
4.61152882205514,180.978260869565
4.62406015037594,180.708074534161
4.63659147869674,180.534161490683
4.64912280701754,180.341614906832
4.66165413533835,180.145962732919
4.67418546365915,180.034161490683
4.68671679197995,180.021739130435
4.69924812030075,180.04347826087
4.71177944862155,180.031055900621
4.72431077694236,180
4.73684210526316,179.885093167702
4.74937343358396,179.67701863354
4.76190476190476,179.38198757764
4.77443609022556,179.046583850932
4.78696741854637,178.642857142857
4.79949874686717,178.173913043478
4.81203007518797,177.732919254658
4.82456140350877,177.403726708075
4.83709273182957,176.990683229814
4.84962406015038,176.711180124224
4.86215538847118,176.496894409938
4.87468671679198,176.369565217391
4.88721804511278,176.276397515528
4.89974937343358,176.180124223602
4.91228070175439,176.099378881988
4.92481203007519,176.149068322981
4.93734335839599,176.130434782609
4.94987468671679,176.245341614907
4.96240601503759,176.375776397516
4.9749373433584,176.54347826087
4.9874686716792,176.729813664596
5,176.965838509317
5.0125313283208,177.11801242236
5.0250626566416,177.276397515528
5.03759398496241,177.521739130435
5.05012531328321,177.782608695652
5.06265664160401,178.009316770186
5.07518796992481,178.267080745342
5.08771929824561,178.481366459627
5.10025062656642,178.61801242236
5.11278195488722,178.608695652174
5.12531328320802,178.55900621118
5.13784461152882,178.307453416149
5.15037593984962,178.031055900621
5.16290726817043,177.717391304348
5.17543859649123,177.270186335404
5.18796992481203,176.872670807453
5.20050125313283,176.521739130435
5.21303258145363,176.260869565217
5.22556390977444,176.046583850932
5.23809523809524,175.745341614907
5.25062656641604,175.664596273292
5.26315789473684,175.577639751553
5.27568922305764,175.5
5.28822055137845,175.521739130435
5.30075187969925,175.596273291925
5.31328320802005,175.639751552795
5.32581453634085,175.66149068323
5.33834586466165,175.692546583851
5.35087719298246,175.714285714286
5.36340852130326,175.773291925466
5.37593984962406,175.742236024845
5.38847117794486,175.748447204969
5.40100250626566,175.729813664596
5.41353383458647,175.717391304348
5.42606516290727,175.767080745342
5.43859649122807,175.66149068323
5.45112781954887,175.751552795031
5.46365914786967,175.664596273292
5.47619047619048,175.680124223602
5.48872180451128,175.667701863354
5.50125313283208,175.652173913043
5.51378446115288,175.577639751553
5.52631578947368,175.484472049689
5.53884711779449,175.316770186335
5.55137844611529,175.204968944099
5.56390977443609,174.925465838509
5.57644110275689,174.686335403727
5.58897243107769,174.38198757764
5.6015037593985,174.149068322981
5.6140350877193,173.972049689441
5.6265664160401,173.875776397516
5.6390977443609,173.83850931677
5.6516290726817,173.844720496894
5.66416040100251,174
5.67669172932331,174.189440993789
5.68922305764411,174.419254658385
5.70175438596491,174.658385093168
5.71428571428571,174.717391304348
5.72681704260652,174.854037267081
5.73934837092732,174.891304347826
5.75187969924812,174.947204968944
5.76441102756892,174.788819875776
5.77694235588972,174.72049689441
5.78947368421053,174.630434782609
5.80200501253133,174.490683229814
5.81453634085213,174.39751552795
5.82706766917293,174.301242236025
5.83959899749373,174.183229813665
5.85213032581454,174.096273291925
5.86466165413534,173.965838509317
5.87719298245614,173.919254658385
5.88972431077694,173.931677018634
5.90225563909774,173.947204968944
5.91478696741855,173.993788819876
5.92731829573935,174.040372670807
5.93984962406015,174.257763975155
5.95238095238095,174.357142857143
5.96491228070175,174.518633540373
5.97744360902256,174.524844720497
5.98997493734336,174.621118012422
6.00250626566416,174.72049689441
6.01503759398496,174.711180124224
6.02756892230576,174.658385093168
6.04010025062657,174.680124223602
6.05263157894737,174.736024844721
6.06516290726817,174.869565217391
6.07769423558897,174.968944099379
6.09022556390977,175.086956521739
6.10275689223058,175.158385093168
6.11528822055138,175.357142857143
6.12781954887218,175.67701863354
6.14035087719298,175.894409937888
6.15288220551378,176.27950310559
6.16541353383459,176.621118012422
6.17794486215539,177.055900621118
6.19047619047619,177.44099378882
6.20300751879699,177.813664596273
6.2155388471178,178.093167701863
6.2280701754386,178.369565217391
6.2406015037594,178.484472049689
6.2531328320802,178.624223602484
6.265664160401,178.680124223602
6.2781954887218,178.54347826087
6.29072681704261,178.341614906832
6.30325814536341,178.127329192547
6.31578947368421,177.714285714286
6.32832080200501,177.121118012422
6.34085213032582,176.55900621118
6.35338345864662,175.909937888199
6.36591478696742,175.335403726708
6.37844611528822,174.72049689441
6.39097744360902,174.111801242236
6.40350877192982,173.624223602484
6.41604010025063,173.186335403727
6.42857142857143,172.804347826087
6.44110275689223,172.54347826087
6.45363408521303,172.27950310559
6.46616541353383,172.093167701863
6.47869674185464,172.034161490683
6.49122807017544,172.015527950311
6.50375939849624,172.083850931677
6.51629072681704,172.291925465839
6.52882205513784,172.608695652174
6.54135338345865,172.94099378882
6.55388471177945,173.406832298137
6.56641604010025,173.850931677019
6.57894736842105,174.316770186335
6.59147869674185,174.965838509317
6.60401002506266,175.562111801242
6.61654135338346,176.046583850932
6.62907268170426,176.531055900621
6.64160401002506,176.996894409938
6.65413533834587,177.310559006211
6.66666666666667,177.605590062112
6.67919799498747,177.807453416149
6.69172932330827,177.944099378882
6.70426065162907,178.099378881988
6.71679197994987,178.229813664596
6.72932330827068,178.484472049689
6.74185463659148,178.645962732919
6.75438596491228,179.071428571429
6.76691729323308,179.413043478261
6.77944862155389,179.888198757764
6.79197994987469,180.301242236025
6.80451127819549,180.760869565217
6.81704260651629,181.10248447205
6.82957393483709,181.385093167702
6.84210526315789,181.692546583851
6.8546365914787,181.83850931677
6.8671679197995,182.142857142857
6.8796992481203,182.344720496894
6.8922305764411,182.413043478261
6.90476190476191,182.496894409938
6.91729323308271,182.552795031056
6.92982456140351,182.515527950311
6.94235588972431,182.403726708075
6.95488721804511,182.180124223602
6.96741854636591,181.962732919255
6.97994987468672,181.568322981366
6.99248120300752,181.139751552795
7.00501253132832,180.763975155279
7.01754385964912,180.363354037267
7.03007518796993,179.804347826087
7.04260651629073,179.428571428571
7.05513784461153,179.021739130435
7.06766917293233,178.760869565217
7.08020050125313,178.537267080745
7.09273182957394,178.304347826087
7.10526315789474,178.130434782609
7.11779448621554,178.086956521739
7.13032581453634,178.018633540373
7.14285714285714,177.950310559006
7.15538847117795,177.885093167702
7.16791979949875,177.83850931677
7.18045112781955,177.866459627329
7.19298245614035,178.006211180124
7.20551378446115,178.127329192547
7.21804511278196,178.260869565217
7.23057644110276,178.577639751553
7.24310776942356,178.754658385093
7.25563909774436,179.012422360248
7.26817042606516,179.267080745342
7.28070175438596,179.450310559006
7.29323308270677,179.689440993789
7.30576441102757,179.785714285714
7.31829573934837,179.664596273292
7.33082706766917,179.44099378882
7.34335839598998,179.245341614907
7.35588972431078,178.919254658385
7.36842105263158,178.565217391304
7.38095238095238,178.167701863354
7.39348370927318,177.549689440994
7.40601503759398,176.990683229814
7.41854636591479,176.527950310559
7.43107769423559,176.009316770186
7.44360902255639,175.378881987578
7.45614035087719,174.835403726708
7.468671679198,174.251552795031
7.4812030075188,173.698757763975
7.4937343358396,173.164596273292
7.5062656641604,172.565217391304
7.5187969924812,172.021739130435
7.53132832080201,171.512422360248
7.54385964912281,171.05900621118
7.55639097744361,170.72049689441
7.56892230576441,170.350931677019
7.58145363408521,170.149068322981
7.59398496240602,170.077639751553
7.60651629072682,170.121118012422
7.61904761904762,170.22049689441
7.63157894736842,170.32298136646
7.64411027568922,170.565217391304
7.65664160401003,170.788819875776
7.66917293233083,171.05900621118
7.68170426065163,171.329192546584
7.69423558897243,171.624223602484
7.70676691729323,171.863354037267
7.71929824561404,172.083850931677
7.73182957393484,172.298136645963
7.74436090225564,172.586956521739
7.75689223057644,172.695652173913
7.76942355889724,172.785714285714
7.78195488721805,172.88198757764
7.79448621553885,172.913043478261
7.80701754385965,172.885093167702
7.81954887218045,172.816770186335
7.83208020050125,172.804347826087
7.84461152882206,172.875776397516
7.85714285714286,172.857142857143
7.86967418546366,172.903726708075
7.88220551378446,173.046583850932
7.89473684210526,173.152173913043
7.90726817042607,173.313664596273
7.91979949874687,173.437888198758
7.93233082706767,173.540372670807
7.94486215538847,173.745341614907
7.95739348370927,173.965838509317
7.96992481203008,174.192546583851
7.98245614035088,174.357142857143
7.99498746867168,174.574534161491
8.00751879699248,174.77950310559
8.02005012531328,174.916149068323
8.03258145363409,174.993788819876
8.04511278195489,175.133540372671
8.05764411027569,174.993788819876
8.07017543859649,174.996894409938
8.08270676691729,174.854037267081
8.09523809523809,174.689440993789
8.1077694235589,174.593167701863
8.1203007518797,174.552795031056
8.1328320802005,174.496894409938
8.1453634085213,174.546583850932
8.15789473684211,174.723602484472
8.17042606516291,174.894409937888
8.18295739348371,175.183229813665
8.19548872180451,175.391304347826
8.20802005012531,175.621118012422
8.22055137844612,175.813664596273
8.23308270676692,175.990683229814
8.24561403508772,176.086956521739
8.25814536340852,176.149068322981
8.27067669172932,176.260869565217
8.28320802005013,176.350931677019
8.29573934837093,176.468944099379
8.30827067669173,176.611801242236
8.32080200501253,176.664596273292
8.33333333333333,176.701863354037
8.34586466165413,176.704968944099
8.35839598997494,176.599378881988
8.37092731829574,176.409937888199
8.38345864661654,176.217391304348
8.39598997493734,176.055900621118
8.40852130325815,175.82298136646
8.42105263157895,175.701863354037
8.43358395989975,175.549689440994
8.44611528822055,175.450310559006
8.45864661654135,175.512422360248
8.47117794486216,175.509316770186
8.48370927318296,175.701863354037
8.49624060150376,175.847826086957
8.50877192982456,175.972049689441
8.52130325814536,176.32298136646
8.53383458646617,176.506211180124
8.54636591478697,176.540372670807
8.55889724310777,176.636645962733
8.57142857142857,176.673913043478
8.58395989974937,176.673913043478
8.59649122807018,176.583850931677
8.60902255639098,176.54347826087
8.62155388471178,176.400621118012
8.63408521303258,176.310559006211
8.64661654135338,176.211180124224
8.65914786967419,176.124223602484
8.67167919799499,176.068322981366
8.68421052631579,175.959627329193
8.69674185463659,175.878881987578
8.70927318295739,175.708074534161
8.7218045112782,175.639751552795
8.734335839599,175.462732919255
8.7468671679198,175.378881987578
8.7593984962406,175.282608695652
8.7719298245614,175.17701863354
8.78446115288221,175.099378881988
8.79699248120301,175.105590062112
8.80952380952381,175.232919254658
8.82205513784461,175.462732919255
8.83458646616541,175.673913043478
8.84711779448622,175.906832298137
8.85964912280702,176.145962732919
8.87218045112782,176.378881987578
8.88471177944862,176.645962732919
8.89724310776942,176.804347826087
8.90977443609023,176.931677018634
8.92230576441103,177.006211180124
8.93483709273183,176.987577639752
8.94736842105263,177.018633540373
8.95989974937343,177.027950310559
8.97243107769424,177
8.98496240601504,176.981366459627
8.99749373433584,176.925465838509
9.01002506265664,176.798136645963
9.02255639097744,176.714285714286
9.03508771929825,176.649068322981
9.04761904761905,176.586956521739
9.06015037593985,176.555900621118
9.07268170426065,176.537267080745
9.08521303258145,176.55900621118
9.09774436090226,176.642857142857
9.11027568922306,176.732919254658
9.12280701754386,176.801242236025
9.13533834586466,176.863354037267
9.14786967418546,177.04347826087
9.16040100250627,177.245341614907
9.17293233082707,177.406832298137
9.18546365914787,177.645962732919
9.19799498746867,177.801242236025
9.21052631578947,177.953416149068
9.22305764411028,178.111801242236
9.23558897243108,178.326086956522
9.24812030075188,178.416149068323
9.26065162907268,178.503105590062
9.27318295739348,178.608695652174
9.28571428571429,178.652173913043
9.29824561403509,178.748447204969
9.31077694235589,178.891304347826
9.32330827067669,179.124223602484
9.33583959899749,179.32298136646
9.3483709273183,179.608695652174
9.3609022556391,179.931677018634
9.3734335839599,180.142857142857
9.3859649122807,180.465838509317
9.3984962406015,180.655279503106
9.41102756892231,180.891304347826
9.42355889724311,181.111801242236
9.43609022556391,181.232919254658
9.44862155388471,181.39751552795
9.46115288220551,181.555900621118
9.47368421052632,181.680124223602
9.48621553884712,181.788819875776
9.49874686716792,181.869565217391
9.51127819548872,181.891304347826
9.52380952380952,181.829192546584
9.53634085213033,181.788819875776
9.54887218045113,181.680124223602
9.56140350877193,181.484472049689
9.57393483709273,181.472049689441
9.58646616541354,181.214285714286
9.59899749373434,181.164596273292
9.61152882205514,181.024844720497
9.62406015037594,181.027950310559
9.63659147869674,181.037267080745
9.64912280701754,180.972049689441
9.66165413533835,180.934782608696
9.67418546365915,180.919254658385
9.68671679197995,181.037267080745
9.69924812030075,181.139751552795
9.71177944862155,181.263975155279
9.72431077694236,181.437888198758
9.73684210526316,181.658385093168
9.74937343358396,181.888198757764
9.76190476190476,181.990683229814
9.77443609022556,182.099378881988
9.78696741854637,182.139751552795
9.79949874686717,182.11801242236
9.81203007518797,182.086956521739
9.82456140350877,181.959627329193
9.83709273182957,181.782608695652
9.84962406015038,181.608695652174
9.86215538847118,181.354037267081
9.87468671679198,181.142857142857
9.88721804511278,180.975155279503
9.89974937343358,180.686335403727
9.91228070175439,180.437888198758
9.92481203007519,180.149068322981
9.93734335839599,179.894409937888
9.94987468671679,179.683229813665
9.96240601503759,179.521739130435
9.9749373433584,179.357142857143
9.9874686716792,179.22049689441
10,179.111801242236
10.0125313283208,178.981366459627
10.0250626566416,178.816770186335
10.0375939849624,178.621118012422
10.0501253132832,178.344720496894
10.062656641604,178.052795031056
10.0751879699248,177.77950310559
10.0877192982456,177.527950310559
10.1002506265664,177.307453416149
10.1127819548872,177.049689440994
10.125313283208,176.922360248447
10.1378446115288,176.816770186335
10.1503759398496,176.726708074534
10.1629072681704,176.645962732919
10.1754385964912,176.493788819876
10.187969924812,176.347826086957
10.2005012531328,176.16149068323
10.2130325814536,175.913043478261
10.2255639097744,175.583850931677
10.2380952380952,175.16149068323
10.250626566416,174.729813664596
10.2631578947368,174.319875776398
10.2756892230576,173.767080745342
10.2882205513784,173.211180124224
10.3007518796992,172.586956521739
10.3132832080201,172.062111801242
10.3258145363409,171.484472049689
10.3383458646617,170.919254658385
10.3508771929825,170.316770186335
10.3634085213033,169.847826086957
10.3759398496241,169.425465838509
10.3884711779449,169.093167701863
10.4010025062657,168.981366459627
10.4135338345865,168.878881987578
10.4260651629073,169.006211180124
10.4385964912281,169.242236024845
10.4511278195489,169.583850931677
10.4636591478697,169.981366459627
10.4761904761905,170.304347826087
10.4887218045113,170.844720496894
10.5012531328321,171.400621118012
10.5137844611529,171.891304347826
10.5263157894737,172.354037267081
10.5388471177945,172.729813664596
10.5513784461153,173.204968944099
10.5639097744361,173.493788819876
10.5764411027569,173.860248447205
10.5889724310777,174.170807453416
10.6015037593985,174.378881987578
10.6140350877193,174.521739130435
10.6265664160401,174.680124223602
10.6390977443609,174.819875776398
10.6516290726817,174.919254658385
10.6641604010025,175.195652173913
10.6766917293233,175.27950310559
10.6892230576441,175.341614906832
10.7017543859649,175.434782608696
10.7142857142857,175.515527950311
10.7268170426065,175.481366459627
10.7393483709273,175.549689440994
10.7518796992481,175.527950310559
10.7644110275689,175.562111801242
10.7769423558897,175.599378881988
10.7894736842105,175.673913043478
10.8020050125313,175.732919254658
10.8145363408521,175.785714285714
10.8270676691729,175.810559006211
10.8395989974937,175.773291925466
10.8521303258145,175.763975155279
10.8646616541353,175.599378881988
10.8771929824561,175.593167701863
10.8897243107769,175.664596273292
10.9022556390977,175.742236024845
10.9147869674185,175.813664596273
10.9273182957393,176.021739130435
10.9398496240601,176.295031055901
10.952380952381,176.599378881988
10.9649122807018,176.950310559006
10.9774436090226,177.236024844721
10.9899749373434,177.515527950311
11.0025062656642,177.841614906832
11.015037593985,178.099378881988
11.0275689223058,178.270186335404
11.0401002506266,178.447204968944
11.0526315789474,178.574534161491
11.0651629072682,178.701863354037
11.077694235589,178.841614906832
11.0902255639098,178.94099378882
11.1027568922306,179.05900621118
11.1152882205514,179.183229813665
11.1278195488722,179.232919254658
11.140350877193,179.38198757764
11.1528822055138,179.39751552795
11.1654135338346,179.419254658385
11.1779448621554,179.369565217391
11.1904761904762,179.245341614907
11.203007518797,179.10248447205
11.2155388471178,179.108695652174
11.2280701754386,178.919254658385
11.2406015037594,178.723602484472
11.2531328320802,178.621118012422
11.265664160401,178.465838509317
11.2781954887218,178.276397515528
11.2907268170426,178.021739130435
11.3032581453634,177.795031055901
11.3157894736842,177.590062111801
11.328320802005,177.428571428571
11.3408521303258,177.33850931677
11.3533834586466,177.254658385093
11.3659147869674,177.288819875776
11.3784461152882,177.332298136646
11.390977443609,177.347826086957
11.4035087719298,177.434782608696
11.4160401002506,177.465838509317
11.4285714285714,177.521739130435
11.4411027568922,177.465838509317
11.453634085213,177.39751552795
11.4661654135338,177.335403726708
11.4786967418546,177.17701863354
11.4912280701754,177.192546583851
11.5037593984962,177.105590062112
11.516290726817,177.090062111801
11.5288220551378,177.093167701863
11.5413533834586,177.10248447205
11.5538847117794,177.263975155279
11.5664160401003,177.201863354037
11.5789473684211,177.298136645963
11.5914786967419,177.332298136646
11.6040100250627,177.385093167702
11.6165413533835,177.313664596273
11.6290726817043,177.130434782609
11.6416040100251,176.984472049689
11.6541353383459,176.894409937888
11.6666666666667,176.630434782609
11.6791979949875,176.490683229814
11.6917293233083,176.319875776398
11.7042606516291,176.142857142857
11.7167919799499,176.046583850932
11.7293233082707,176.012422360248
11.7418546365915,176.071428571429
11.7543859649123,175.934782608696
11.7669172932331,175.987577639752
11.7794486215539,176.012422360248
11.7919799498747,175.950310559006
11.8045112781955,175.832298136646
11.8170426065163,175.645962732919
11.8295739348371,175.512422360248
11.8421052631579,175.304347826087
11.8546365914787,175.192546583851
11.8671679197995,175.003105590062
11.8796992481203,174.89751552795
11.8922305764411,174.807453416149
11.9047619047619,174.754658385093
11.9172932330827,174.791925465839
11.9298245614035,174.95652173913
11.9423558897243,175.093167701863
11.9548872180451,175.313664596273
11.9674185463659,175.506211180124
11.9799498746867,175.66149068323
11.9924812030075,175.841614906832
12.0050125313283,176.027950310559
12.0175438596491,176.136645962733
12.0300751879699,176.273291925466
12.0426065162907,176.375776397516
12.0551378446115,176.571428571429
12.0676691729323,176.717391304348
12.0802005012531,176.847826086957
12.0927318295739,176.934782608696
12.1052631578947,176.972049689441
12.1177944862155,176.981366459627
12.1303258145363,176.798136645963
12.1428571428571,176.531055900621
12.1553884711779,176.263975155279
12.1679197994987,175.888198757764
12.1804511278195,175.307453416149
12.1929824561404,174.767080745342
12.2055137844612,173.996894409938
12.218045112782,173.229813664596
12.2305764411028,172.534161490683
12.2431077694236,172.04347826087
12.2556390977444,171.518633540373
12.2681704260652,171.111801242236
12.280701754386,170.953416149068
12.2932330827068,170.785714285714
12.3057644110276,171.009316770186
12.3182957393484,171.254658385093
12.3308270676692,171.521739130435
12.34335839599,171.959627329193
12.3558897243108,172.257763975155
12.3684210526316,172.555900621118
12.3809523809524,173.009316770186
12.3934837092732,173.363354037267
12.406015037594,173.711180124224
12.4185463659148,174.012422360248
12.4310776942356,174.419254658385
12.4436090225564,174.726708074534
12.4561403508772,175.111801242236
12.468671679198,175.394409937888
12.4812030075188,175.667701863354
12.4937343358396,175.913043478261
12.5062656641604,176.062111801242
12.5187969924812,176.133540372671
12.531328320802,176.012422360248
12.5438596491228,175.94099378882
12.5563909774436,175.742236024845
12.5689223057644,175.515527950311
12.5814536340852,175.291925465839
12.593984962406,174.965838509317
12.6065162907268,174.568322981366
12.6190476190476,174.223602484472
12.6315789473684,173.795031055901
12.6441102756892,173.400621118012
12.65664160401,172.993788819876
12.6691729323308,172.670807453416
12.6817042606516,172.394409937888
12.6942355889724,172.186335403727
12.7067669172932,172.065217391304
12.719298245614,171.909937888199
12.7318295739348,171.916149068323
12.7443609022556,172.024844720497
12.7568922305764,172.027950310559
12.7694235588972,172.108695652174
12.781954887218,172.192546583851
12.7944862155388,172.167701863354
12.8070175438596,172.267080745342
12.8195488721805,172.413043478261
12.8320802005013,172.698757763975
12.8446115288221,172.875776397516
12.8571428571429,173.173913043478
12.8696741854637,173.487577639752
12.8822055137845,173.810559006211
12.8947368421053,174.136645962733
12.9072681704261,174.403726708075
12.9197994987469,174.683229813665
12.9323308270677,174.869565217391
12.9448621553885,175.006211180124
12.9573934837093,175.149068322981
12.9699248120301,175.201863354037
12.9824561403509,175.319875776398
12.9949874686717,175.490683229814
13.0075187969925,175.5
13.0200501253133,175.639751552795
13.0325814536341,175.754658385093
13.0451127819549,175.88198757764
13.0576441102757,175.922360248447
13.0701754385965,176.127329192547
13.0827067669173,176.248447204969
13.0952380952381,176.32298136646
13.1077694235589,176.468944099379
13.1203007518797,176.608695652174
13.1328320802005,176.624223602484
13.1453634085213,176.655279503106
13.1578947368421,176.552795031056
13.1704260651629,176.534161490683
13.1829573934837,176.472049689441
13.1954887218045,176.360248447205
13.2080200501253,176.229813664596
13.2205513784461,176.006211180124
13.2330827067669,175.841614906832
13.2456140350877,175.754658385093
13.2581453634085,175.667701863354
13.2706766917293,175.552795031056
13.2832080200501,175.562111801242
13.2957393483709,175.599378881988
13.3082706766917,175.689440993789
13.3208020050125,175.860248447205
13.3333333333333,176.027950310559
13.3458646616541,176.214285714286
13.3583959899749,176.468944099379
13.3709273182957,176.829192546584
13.3834586466165,177.096273291925
13.3959899749373,177.493788819876
13.4085213032581,177.925465838509
13.4210526315789,178.319875776398
13.4335839598997,178.599378881988
13.4461152882206,178.835403726708
13.4586466165414,179.158385093168
13.4711779448622,179.33850931677
13.483709273183,179.394409937888
13.4962406015038,179.419254658385
13.5087719298246,179.344720496894
13.5213032581454,179.344720496894
13.5338345864662,179.304347826087
13.546365914787,179.105590062112
13.5588972431078,178.95652173913
13.5714285714286,178.72049689441
13.5839598997494,178.60248447205
13.5964912280702,178.375776397516
13.609022556391,178.121118012422
13.6215538847118,177.928571428571
13.6340852130326,177.773291925466
13.6466165413534,177.748447204969
13.6591478696742,177.608695652174
13.671679197995,177.506211180124
13.6842105263158,177.400621118012
13.6967418546366,177.413043478261
13.7092731829574,177.400621118012
13.7218045112782,177.372670807453
13.734335839599,177.419254658385
13.7468671679198,177.54347826087
13.7593984962406,177.55900621118
13.7719298245614,177.689440993789
13.7844611528822,177.748447204969
13.796992481203,177.88198757764
13.8095238095238,177.984472049689
13.8220551378446,178.006211180124
13.8345864661654,177.981366459627
13.8471177944862,178.105590062112
13.859649122807,178.145962732919
13.8721804511278,178.245341614907
13.8847117794486,178.413043478261
13.8972431077694,178.493788819876
13.9097744360902,178.5
13.922305764411,178.652173913043
13.9348370927318,178.888198757764
13.9473684210526,178.900621118012
13.9598997493734,178.95652173913
13.9724310776942,178.888198757764
13.984962406015,178.82298136646
13.9974937343358,178.630434782609
14.0100250626566,178.354037267081
14.0225563909774,178.065217391304
14.0350877192982,177.798136645963
14.047619047619,177.437888198758
14.0601503759399,176.993788819876
14.0726817042607,176.627329192547
14.0852130325815,176.236024844721
14.0977443609023,175.959627329193
14.1102756892231,175.639751552795
14.1228070175439,175.360248447205
14.1353383458647,175.22049689441
14.1478696741855,175.267080745342
14.1604010025063,175.350931677019
14.1729323308271,175.586956521739
14.1854636591479,175.978260869565
14.1979949874687,176.298136645963
14.2105263157895,176.667701863354
14.2230576441103,176.996894409938
14.2355889724311,177.394409937888
14.2481203007519,177.680124223602
14.2606516290727,177.854037267081
14.2731829573935,177.875776397516
14.2857142857143,177.869565217391
14.2982456140351,177.844720496894
14.3107769423559,177.804347826087
14.3233082706767,177.760869565217
14.3358395989975,177.701863354037
14.3483709273183,177.599378881988
14.3609022556391,177.729813664596
14.3734335839599,177.801242236025
14.3859649122807,177.996894409938
14.3984962406015,178.223602484472
14.4110275689223,178.512422360248
14.4235588972431,178.785714285714
14.4360902255639,179.031055900621
14.4486215538847,179.319875776398
14.4611528822055,179.515527950311
14.4736842105263,179.627329192547
14.4862155388471,179.61801242236
14.4987468671679,179.540372670807
14.5112781954887,179.32298136646
14.5238095238095,179.077639751553
14.5363408521303,178.782608695652
14.5488721804511,178.437888198758
14.5614035087719,178.10248447205
14.5739348370927,177.701863354037
14.5864661654135,177.394409937888
14.5989974937343,177.027950310559
14.6115288220551,176.742236024845
14.6240601503759,176.5
14.6365914786967,176.329192546584
14.6491228070175,176.068322981366
14.6616541353383,175.850931677019
14.6741854636591,175.804347826087
14.68671679198,175.596273291925
14.6992481203008,175.611801242236
14.7117794486216,175.475155279503
14.7243107769424,175.313664596273
14.7368421052632,175.201863354037
14.749373433584,175.22049689441
14.7619047619048,175.189440993789
14.7744360902256,175.217391304348
14.7869674185464,175.127329192547
14.7994987468672,175.145962732919
14.812030075188,175.22049689441
14.8245614035088,175.319875776398
14.8370927318296,175.394409937888
14.8496240601504,175.419254658385
14.8621553884712,175.60248447205
14.874686716792,175.664596273292
14.8872180451128,175.763975155279
14.8997493734336,175.875776397516
14.9122807017544,176.052795031056
14.9248120300752,176.335403726708
14.937343358396,176.608695652174
14.9498746867168,176.776397515528
14.9624060150376,176.950310559006
14.9749373433584,177.201863354037
14.9874686716792,177.378881987578
15,177.369565217391
15.0125313283208,177.419254658385
15.0250626566416,177.478260869565
15.0375939849624,177.341614906832
15.0501253132832,177.130434782609
15.062656641604,176.798136645963
15.0751879699248,176.546583850932
15.0877192982456,176.27950310559
15.1002506265664,175.829192546584
15.1127819548872,175.406832298137
15.125313283208,174.978260869565
15.1378446115288,174.515527950311
15.1503759398496,174.071428571429
15.1629072681704,173.788819875776
15.1754385964912,173.515527950311
15.187969924812,173.496894409938
15.2005012531328,173.577639751553
15.2130325814536,173.813664596273
15.2255639097744,174.05900621118
15.2380952380952,174.496894409938
15.250626566416,175.003105590062
15.2631578947368,175.301242236025
15.2756892230576,175.683229813665
15.2882205513784,175.776397515528
15.3007518796992,176
15.3132832080201,176.009316770186
15.3258145363409,175.959627329193
15.3383458646617,175.878881987578
15.3508771929825,175.723602484472
15.3634085213033,175.645962732919
15.3759398496241,175.425465838509
15.3884711779449,175.242236024845
15.4010025062657,174.981366459627
15.4135338345865,174.776397515528
15.4260651629073,174.614906832298
15.4385964912281,174.468944099379
15.4511278195489,174.270186335404
15.4636591478697,174.313664596273
15.4761904761905,174.251552795031
15.4887218045113,174.16149068323
15.5012531328321,174.121118012422
15.5137844611529,173.978260869565
15.5263157894737,173.770186335404
15.5388471177945,173.496894409938
15.5513784461153,173.086956521739
15.5639097744361,172.655279503106
15.5764411027569,172.170807453416
15.5889724310777,171.664596273292
15.6015037593985,171.111801242236
15.6140350877193,170.546583850932
15.6265664160401,170.012422360248
15.6390977443609,169.5
15.6516290726817,168.959627329193
15.6641604010025,168.453416149068
15.6766917293233,167.975155279503
15.6892230576441,167.534161490683
15.7017543859649,167.242236024845
15.7142857142857,167.068322981366
15.7268170426065,166.906832298137
15.7393483709273,166.947204968944
15.7518796992481,167.149068322981
15.7644110275689,167.419254658385
15.7769423558897,167.804347826087
15.7894736842105,168.236024844721
15.8020050125313,168.67701863354
15.8145363408521,169.142857142857
15.8270676691729,169.60248447205
15.8395989974937,170.031055900621
15.8521303258145,170.419254658385
15.8646616541353,170.875776397516
15.8771929824561,171.310559006211
15.8897243107769,171.717391304348
15.9022556390977,172.127329192547
15.9147869674185,172.481366459627
15.9273182957393,172.894409937888
15.9398496240602,173.276397515528
15.952380952381,173.624223602484
15.9649122807018,174.124223602484
15.9774436090226,174.537267080745
15.9899749373434,175.127329192547
16.0025062656642,175.667701863354
16.015037593985,176.239130434783
16.0275689223058,176.850931677019
16.0401002506266,177.316770186335
16.0526315789474,177.900621118012
16.0651629072682,178.400621118012
16.077694235589,178.785714285714
16.0902255639098,179.17701863354
16.1027568922306,179.459627329193
16.1152882205514,179.704968944099
16.1278195488722,179.978260869565
16.140350877193,180.083850931677
16.1528822055138,180.223602484472
16.1654135338346,180.360248447205
16.1779448621554,180.419254658385
16.1904761904762,180.391304347826
16.203007518797,180.366459627329
16.2155388471178,180.369565217391
16.2280701754386,180.444099378882
16.2406015037594,180.475155279503
16.2531328320802,180.481366459627
16.265664160401,180.596273291925
16.2781954887218,180.745341614907
16.2907268170426,180.894409937888
16.3032581453634,180.996894409938
16.3157894736842,181.080745341615
16.328320802005,181.170807453416
16.3408521303258,181.245341614907
16.3533834586466,181.192546583851
16.3659147869674,181.164596273292
16.3784461152882,181.155279503106
16.390977443609,181.195652173913
16.4035087719298,181.052795031056
16.4160401002506,181.031055900621
16.4285714285714,181.006211180124
16.4411027568922,180.950310559006
16.453634085213,180.922360248447
16.4661654135338,180.937888198758
16.4786967418546,180.962732919255
16.4912280701754,181.068322981366
16.5037593984962,181.173913043478
16.516290726817,181.425465838509
16.5288220551378,181.596273291925
16.5413533834586,181.770186335404
16.5538847117795,181.944099378882
16.5664160401003,182.139751552795
16.5789473684211,182.385093167702
16.5914786967419,182.400621118012
16.6040100250627,182.5
16.6165413533835,182.555900621118
16.6290726817043,182.555900621118
16.6416040100251,182.472049689441
16.6541353383459,182.360248447205
16.6666666666667,182.155279503106
16.6791979949875,181.996894409938
16.6917293233083,181.742236024845
16.7042606516291,181.509316770186
16.7167919799499,181.145962732919
16.7293233082707,180.83850931677
16.7418546365915,180.527950310559
16.7543859649123,180.192546583851
16.7669172932331,179.89751552795
16.7794486215539,179.540372670807
16.7919799498747,179.360248447205
16.8045112781955,179.10248447205
16.8170426065163,178.816770186335
16.8295739348371,178.624223602484
16.8421052631579,178.478260869565
16.8546365914787,178.378881987578
16.8671679197995,178.39751552795
16.8796992481203,178.521739130435
16.8922305764411,178.773291925466
16.9047619047619,179.133540372671
16.9172932330827,179.627329192547
16.9298245614035,180.105590062112
16.9423558897243,180.527950310559
16.9548872180451,180.975155279503
16.9674185463659,181.077639751553
16.9799498746867,181.282608695652
16.9924812030075,181.052795031056
17.0050125313283,180.931677018634
17.0175438596491,180.611801242236
17.0300751879699,180.186335403727
17.0426065162907,179.782608695652
17.0551378446115,179.484472049689
17.0676691729323,179.267080745342
17.0802005012531,179.052795031056
17.0927318295739,178.94099378882
17.1052631578947,178.978260869565
17.1177944862155,178.900621118012
17.1303258145363,178.872670807453
17.1428571428571,178.854037267081
17.1553884711779,178.723602484472
17.1679197994987,178.61801242236
17.1804511278195,178.363354037267
17.1929824561404,178.099378881988
17.2055137844612,177.736024844721
17.218045112782,177.409937888199
17.2305764411028,177.127329192547
17.2431077694236,176.813664596273
17.2556390977444,176.540372670807
17.2681704260652,176.459627329193
17.280701754386,176.329192546584
17.2932330827068,176.329192546584
17.3057644110276,176.282608695652
17.3182957393484,176.304347826087
17.3308270676692,176.39751552795
17.34335839599,176.546583850932
17.3558897243108,176.680124223602
17.3684210526316,176.729813664596
17.3809523809524,176.990683229814
17.3934837092732,177.099378881988
17.406015037594,177.307453416149
17.4185463659148,177.413043478261
17.4310776942356,177.577639751553
17.4436090225564,177.763975155279
17.4561403508772,177.950310559006
17.468671679198,178.074534161491
17.4812030075188,178.453416149068
17.4937343358396,178.673913043478
17.5062656641604,178.931677018634
17.5187969924812,179.180124223602
17.531328320802,179.375776397516
17.5438596491228,179.481366459627
17.5563909774436,179.369565217391
17.5689223057644,179.242236024845
17.5814536340852,178.928571428571
17.593984962406,178.835403726708
17.6065162907268,178.478260869565
17.6190476190476,178.223602484472
17.6315789473684,178.024844720497
17.6441102756892,177.937888198758
17.65664160401,177.83850931677
17.6691729323308,177.83850931677
17.6817042606516,177.813664596273
17.6942355889724,177.810559006211
17.7067669172932,177.891304347826
17.719298245614,177.934782608696
17.7318295739348,177.919254658385
17.7443609022556,177.94099378882
17.7568922305764,178.015527950311
17.7694235588972,178
17.781954887218,178.052795031056
17.7944862155388,178.074534161491
17.8070175438597,178.183229813665
17.8195488721805,178.189440993789
17.8320802005013,178.136645962733
17.8446115288221,178.080745341615
17.8571428571429,178.10248447205
17.8696741854637,177.937888198758
17.8822055137845,177.857142857143
17.8947368421053,177.642857142857
17.9072681704261,177.44099378882
17.9197994987469,177.192546583851
17.9323308270677,176.937888198758
