"Date: 11/19/2019 11:22:28 AM"
0
#TRUE#,#FALSE#,#FALSE#
#TRUE#
96.2,96.2,96.2
"E:\Scan 2\Coral_2_3_1_OFRA7.bmp"
""
157,646,1548,644,1547,276,156,278
1392
0,193.89701897019
1.03950103950104E-02,194.40379403794
2.07900207900208E-02,194.848238482385
3.11850311850312E-02,195.227642276423
4.15800415800416E-02,195.50406504065
.051975051975052,195.682926829268
6.23700623700624E-02,195.731707317073
7.27650727650728E-02,195.626016260163
8.31600831600832E-02,195.428184281843
9.35550935550935E-02,195.154471544715
.103950103950104,194.883468834688
.114345114345114,194.59620596206
.124740124740125,194.336043360434
.135135135135135,194.205962059621
.145530145530146,193.962059620596
.155925155925156,193.840108401084
.166320166320166,193.775067750677
.176715176715177,193.783197831978
.187110187110187,193.837398373984
.197505197505197,193.764227642276
.207900207900208,193.831978319783
.218295218295218,193.813008130081
.228690228690229,193.823848238482
.239085239085239,193.840108401084
.249480249480249,193.872628726287
.25987525987526,193.970189701897
.27027027027027,194.008130081301
.280665280665281,194.165311653117
.291060291060291,194.249322493225
.301455301455301,194.471544715447
.311850311850312,194.663956639566
.322245322245322,194.864498644986
.332640332640333,194.989159891599
.343035343035343,195.056910569106
.353430353430353,195.048780487805
.363825363825364,194.991869918699
.374220374220374,194.962059620596
.384615384615385,194.815718157182
.395010395010395,194.585365853659
.405405405405405,194.327913279133
.415800415800416,194.116531165312
.426195426195426,193.932249322493
.436590436590437,193.726287262873
.446985446985447,193.509485094851
.457380457380457,193.376693766938
.467775467775468,193.181571815718
.478170478170478,193.024390243902
.488565488565489,192.845528455285
.498960498960499,192.707317073171
.509355509355509,192.466124661247
.51975051975052,192.252032520325
.53014553014553,192.121951219512
.540540540540541,191.926829268293
.550935550935551,191.834688346883
.561330561330561,191.661246612466
.571725571725572,191.674796747967
.582120582120582,191.70460704607
.592515592515592,191.777777777778
.602910602910603,191.821138211382
.613305613305613,191.991869918699
.623700623700624,192.035230352304
.634095634095634,192.208672086721
.644490644490645,192.306233062331
.654885654885655,192.352303523035
.665280665280665,192.355013550136
.675675675675676,192.349593495935
.686070686070686,192.314363143631
.696465696465696,192.216802168022
.706860706860707,192.108401084011
.717255717255717,192.043360433604
.727650727650728,191.910569105691
.738045738045738,191.807588075881
.748440748440748,191.718157181572
.758835758835759,191.693766937669
.769230769230769,191.685636856369
.77962577962578,191.647696476965
.79002079002079,191.728997289973
.8004158004158,191.69647696477
.810810810810811,191.769647696477
.821205821205821,191.853658536585
.831600831600832,191.989159891599
.841995841995842,192.19512195122
.852390852390852,192.289972899729
.862785862785863,192.523035230352
.873180873180873,192.590785907859
.883575883575884,192.69918699187
.893970893970894,192.734417344173
.904365904365904,192.69918699187
.914760914760915,192.574525745257
.925155925155925,192.439024390244
.935550935550935,192.249322493225
.945945945945946,192.073170731707
.956340956340956,191.953929539295
.966735966735967,191.907859078591
.977130977130977,191.856368563686
.987525987525988,191.859078590786
.997920997920998,191.951219512195
1.00831600831601,192.094850948509
1.01871101871102,192.19512195122
1.02910602910603,192.327913279133
1.03950103950104,192.373983739837
1.04989604989605,192.487804878049
1.06029106029106,192.539295392954
1.07068607068607,192.428184281843
1.08108108108108,192.333333333333
1.09147609147609,192.260162601626
1.1018711018711,192.165311653117
1.11226611226611,191.981029810298
1.12266112266112,191.934959349593
1.13305613305613,191.791327913279
1.14345114345114,191.723577235772
1.15384615384615,191.666666666667
1.16424116424116,191.726287262873
1.17463617463617,191.945799457995
1.18503118503118,192.173441734417
1.1954261954262,192.485094850949
1.20582120582121,192.864498644986
1.21621621621622,193.29539295393
1.22661122661123,193.758807588076
1.23700623700624,194.211382113821
1.24740124740125,194.628726287263
1.25779625779626,195.078590785908
1.26819126819127,195.363143631436
1.27858627858628,195.663956639566
1.28898128898129,195.818428184282
1.2993762993763,195.967479674797
1.30977130977131,196.10027100271
1.32016632016632,196.138211382114
1.33056133056133,196.043360433604
1.34095634095634,195.929539295393
1.35135135135135,195.829268292683
1.36174636174636,195.582655826558
1.37214137214137,195.330623306233
1.38253638253638,194.932249322493
1.39293139293139,194.552845528455
1.4033264033264,194.170731707317
1.41372141372141,193.861788617886
1.42411642411642,193.536585365854
1.43451143451143,193.333333333333
1.44490644490644,193.284552845528
1.45530145530146,193.20325203252
1.46569646569647,193.336043360434
1.47609147609148,193.533875338753
1.48648648648649,193.715447154472
1.4968814968815,193.924119241192
1.50727650727651,194.165311653117
1.51767151767152,194.390243902439
1.52806652806653,194.466124661247
1.53846153846154,194.514905149051
1.54885654885655,194.536585365854
1.55925155925156,194.509485094851
1.56964656964657,194.414634146341
1.58004158004158,194.246612466125
1.59043659043659,194.043360433604
1.6008316008316,193.829268292683
1.61122661122661,193.539295392954
1.62162162162162,193.222222222222
1.63201663201663,192.764227642276
1.64241164241164,192.349593495935
1.65280665280665,191.959349593496
1.66320166320166,191.439024390244
1.67359667359667,190.845528455285
1.68399168399168,190.420054200542
1.69438669438669,189.956639566396
1.7047817047817,189.642276422764
1.71517671517672,189.249322493225
1.72557172557173,188.907859078591
1.73596673596674,188.669376693767
1.74636174636175,188.531165311653
1.75675675675676,188.352303523035
1.76715176715177,188.238482384824
1.77754677754678,188.165311653117
1.78794178794179,188.219512195122
1.7983367983368,188.222222222222
1.80873180873181,188.276422764228
1.81912681912682,188.436314363144
1.82952182952183,188.566395663957
1.83991683991684,188.813008130081
1.85031185031185,188.948509485095
1.86070686070686,189.140921409214
1.87110187110187,189.371273712737
1.88149688149688,189.623306233062
1.89189189189189,189.934959349593
1.9022869022869,190.322493224932
1.91268191268191,190.728997289973
1.92307692307692,191.20325203252
1.93347193347193,191.560975609756
1.94386694386694,192.084010840108
1.95426195426195,192.357723577236
1.96465696465696,192.745257452575
1.97505197505198,193.084010840108
1.98544698544699,193.249322493225
1.995841995842,193.341463414634
2.00623700623701,193.392953929539
2.01663201663202,193.433604336043
2.02702702702703,193.493224932249
2.03742203742204,193.373983739837
2.04781704781705,193.349593495935
2.05821205821206,193.360433604336
2.06860706860707,193.322493224932
2.07900207900208,193.357723577236
2.08939708939709,193.39566395664
2.0997920997921,193.476964769648
2.11018711018711,193.50406504065
2.12058212058212,193.612466124661
2.13097713097713,193.821138211382
2.14137214137214,193.967479674797
2.15176715176715,194.170731707317
2.16216216216216,194.384823848238
2.17255717255717,194.674796747967
2.18295218295218,194.915989159892
2.19334719334719,195.311653116531
2.2037422037422,195.517615176152
2.21413721413721,195.891598915989
2.22453222453222,196.19512195122
2.23492723492723,196.449864498645
2.24532224532225,196.693766937669
2.25571725571726,196.910569105691
2.26611226611227,197.032520325203
2.27650727650728,197.116531165312
2.28690228690229,197.084010840108
2.2972972972973,196.9972899729
2.30769230769231,196.956639566396
2.31808731808732,196.791327913279
2.32848232848233,196.49593495935
2.33887733887734,196.168021680217
2.34927234927235,195.934959349593
2.35966735966736,195.550135501355
2.37006237006237,195.281842818428
2.38045738045738,194.967479674797
2.39085239085239,194.672086720867
2.4012474012474,194.373983739837
2.41164241164241,194.227642276423
2.42203742203742,193.956639566396
2.43243243243243,193.766937669377
2.44282744282744,193.650406504065
2.45322245322245,193.50406504065
2.46361746361746,193.314363143631
2.47401247401247,193.124661246612
2.48440748440748,192.962059620596
2.49480249480249,192.815718157182
2.50519750519751,192.693766937669
2.51559251559252,192.574525745257
2.52598752598753,192.542005420054
2.53638253638254,192.449864498645
2.54677754677755,192.479674796748
2.55717255717256,192.39566395664
2.56756756756757,192.333333333333
2.57796257796258,192.281842818428
2.58835758835759,192.10027100271
2.5987525987526,191.924119241192
2.60914760914761,191.769647696477
2.61954261954262,191.617886178862
2.62993762993763,191.346883468835
2.64033264033264,191.111111111111
2.65072765072765,190.878048780488
2.66112266112266,190.626016260163
2.67151767151767,190.205962059621
2.68191268191268,189.880758807588
2.69230769230769,189.509485094851
2.7027027027027,189.170731707317
2.71309771309771,188.728997289973
2.72349272349272,188.287262872629
2.73388773388773,188.048780487805
2.74428274428274,187.831978319783
2.75467775467775,187.617886178862
2.76507276507277,187.39566395664
2.77546777546778,187.287262872629
2.78586278586279,187.222222222222
2.7962577962578,187.230352303523
2.80665280665281,187.243902439024
2.81704781704782,187.252032520325
2.82744282744283,187.344173441734
2.83783783783784,187.566395663957
2.84823284823285,187.764227642276
2.85862785862786,188.162601626016
2.86902286902287,188.436314363144
2.87941787941788,188.856368563686
2.88981288981289,189.268292682927
2.9002079002079,189.609756097561
2.91060291060291,190.013550135501
2.92099792099792,190.360433604336
2.93139293139293,190.542005420054
2.94178794178794,190.764227642276
2.95218295218295,190.869918699187
2.96257796257796,190.967479674797
2.97297297297297,191.121951219512
2.98336798336798,191.268292682927
2.99376299376299,191.468834688347
3.004158004158,191.747967479675
3.01455301455301,191.962059620596
3.02494802494802,192.268292682927
3.03534303534304,192.476964769648
3.04573804573805,192.791327913279
3.05613305613306,193.081300813008
3.06652806652807,193.314363143631
3.07692307692308,193.523035230352
3.08731808731809,193.837398373984
3.0977130977131,194.048780487805
3.10810810810811,194.273712737127
3.11850311850312,194.525745257453
3.12889812889813,194.745257452575
3.13929313929314,195.021680216802
3.14968814968815,195.246612466125
3.16008316008316,195.447154471545
3.17047817047817,195.60162601626
3.18087318087318,195.723577235772
3.19126819126819,195.682926829268
3.2016632016632,195.764227642276
3.21205821205821,195.623306233062
3.22245322245322,195.59891598916
3.23284823284823,195.512195121951
3.24324324324324,195.379403794038
3.25363825363825,195.246612466125
3.26403326403326,195.189701897019
3.27442827442827,195.029810298103
3.28482328482328,194.943089430894
3.29521829521829,194.848238482385
3.30561330561331,194.69647696477
3.31600831600832,194.487804878049
3.32640332640333,194.268292682927
3.33679833679834,194.054200542005
3.34719334719335,193.794037940379
3.35758835758836,193.533875338753
3.36798336798337,193.271002710027
3.37837837837838,193.105691056911
3.38877338877339,192.848238482385
3.3991683991684,192.607046070461
3.40956340956341,192.376693766938
3.41995841995842,192.154471544715
3.43035343035343,191.940379403794
3.44074844074844,191.734417344173
3.45114345114345,191.547425474255
3.46153846153846,191.292682926829
3.47193347193347,191.092140921409
3.48232848232848,190.915989159892
3.49272349272349,190.772357723577
3.5031185031185,190.680216802168
3.51351351351351,190.628726287263
3.52390852390852,190.60162601626
3.53430353430353,190.571815718157
3.54469854469854,190.574525745257
3.55509355509356,190.525745257453
3.56548856548857,190.436314363144
3.57588357588358,190.373983739837
3.58627858627859,190.352303523035
3.5966735966736,190.230352303523
3.60706860706861,190.154471544715
3.61746361746362,190.192411924119
3.62785862785863,190.390243902439
3.63825363825364,190.482384823848
3.64864864864865,190.542005420054
3.65904365904366,190.821138211382
3.66943866943867,191.170731707317
3.67983367983368,191.371273712737
3.69022869022869,191.745257452575
3.7006237006237,191.915989159892
3.71101871101871,192.414634146341
3.72141372141372,192.859078590786
3.73180873180873,193.151761517615
3.74220374220374,193.582655826558
3.75259875259875,194.059620596206
3.76299376299376,194.406504065041
3.77338877338877,194.780487804878
3.78378378378378,194.975609756098
3.79417879417879,195.292682926829
3.8045738045738,195.468834688347
3.81496881496882,195.609756097561
3.82536382536383,195.785907859079
3.83575883575884,195.967479674797
3.84615384615385,196.032520325203
3.85654885654886,196.184281842818
3.86694386694387,196.344173441734
3.87733887733888,196.569105691057
3.88773388773389,196.726287262873
3.8981288981289,196.872628726287
3.90852390852391,197.113821138211
3.91891891891892,197.306233062331
3.92931392931393,197.436314363144
3.93970893970894,197.574525745257
3.95010395010395,197.753387533875
3.96049896049896,197.924119241192
3.97089397089397,198.205962059621
3.98128898128898,198.525745257453
3.99168399168399,198.853658536585
4.002079002079,199.292682926829
4.01247401247401,199.766937669377
4.02286902286902,200.140921409214
4.03326403326403,200.49864498645
4.04365904365904,200.834688346883
4.05405405405405,201.151761517615
4.06444906444906,201.319783197832
4.07484407484407,201.40379403794
4.08523908523908,201.455284552846
4.0956340956341,201.447154471545
4.10602910602911,201.319783197832
4.11642411642412,201.192411924119
4.12681912681913,201.013550135501
4.13721413721414,200.907859078591
4.14760914760915,200.888888888889
4.15800415800416,200.745257452575
4.16839916839917,200.644986449864
4.17879417879418,200.588075880759
4.18918918918919,200.40108401084
4.1995841995842,200.430894308943
4.20997920997921,200.279132791328
4.22037422037422,200.121951219512
4.23076923076923,199.991869918699
4.24116424116424,199.837398373984
4.25155925155925,199.59891598916
4.26195426195426,199.420054200542
4.27234927234927,199.168021680217
4.28274428274428,199.0027100271
4.29313929313929,198.718157181572
4.3035343035343,198.490514905149
4.31392931392931,198.322493224932
4.32432432432432,198.151761517615
4.33471933471933,198.016260162602
4.34511434511434,197.80487804878
4.35550935550936,197.639566395664
4.36590436590437,197.466124661247
4.37629937629938,197.420054200542
4.38669438669439,197.224932249323
4.3970893970894,197.10298102981
4.40748440748441,196.967479674797
4.41787941787942,196.880758807588
4.42827442827443,196.728997289973
4.43866943866944,196.560975609756
4.44906444906445,196.39837398374
4.45945945945946,196.138211382114
4.46985446985447,195.888888888889
4.48024948024948,195.585365853659
4.49064449064449,195.214092140921
4.5010395010395,194.761517615176
4.51143451143451,194.308943089431
4.52182952182952,193.937669376694
4.53222453222453,193.50135501355
4.54261954261954,193.146341463415
4.55301455301455,192.734417344173
4.56340956340956,192.379403794038
4.57380457380457,192.086720867209
4.58419958419958,191.869918699187
4.59459459459459,191.663956639566
4.6049896049896,191.373983739837
4.61538461538462,191.257452574526
4.62577962577963,191.092140921409
4.63617463617464,190.991869918699
4.64656964656965,190.915989159892
4.65696465696466,190.794037940379
4.66735966735967,190.672086720867
4.67775467775468,190.669376693767
4.68814968814969,190.647696476965
4.6985446985447,190.715447154472
4.70893970893971,190.783197831978
4.71933471933472,190.845528455285
4.72972972972973,190.981029810298
4.74012474012474,191.116531165312
4.75051975051975,191.330623306233
4.76091476091476,191.588075880759
4.77130977130977,191.766937669377
4.78170478170478,191.967479674797
4.79209979209979,192.138211382114
4.8024948024948,192.357723577236
4.81288981288981,192.49864498645
4.82328482328482,192.718157181572
4.83367983367983,192.918699186992
4.84407484407484,193.170731707317
4.85446985446985,193.387533875339
4.86486486486486,193.620596205962
4.87525987525988,193.834688346883
4.88565488565489,193.989159891599
4.8960498960499,194.208672086721
4.90644490644491,194.517615176152
4.91683991683992,194.731707317073
4.92723492723493,194.986449864499
4.93762993762994,195.265582655827
4.94802494802495,195.411924119241
4.95841995841996,195.60162601626
4.96881496881497,195.775067750677
4.97920997920998,195.783197831978
4.98960498960499,195.791327913279
5,195.750677506775
5.01039501039501,195.636856368564
5.02079002079002,195.262872628726
5.03118503118503,195.111111111111
5.04158004158004,194.815718157182
5.05197505197505,194.512195121951
5.06237006237006,194.186991869919
5.07276507276507,193.867208672087
5.08316008316008,193.59891598916
5.09355509355509,193.382113821138
5.1039501039501,193.143631436314
5.11434511434511,192.934959349593
5.12474012474013,192.886178861789
5.13513513513514,192.788617886179
5.14553014553015,192.723577235772
5.15592515592516,192.821138211382
5.16632016632017,193.056910569106
5.17671517671518,193.214092140921
5.18711018711019,193.525745257453
5.1975051975052,193.826558265583
5.20790020790021,194.29539295393
5.21829521829522,194.718157181572
5.22869022869023,195.111111111111
5.23908523908524,195.560975609756
5.24948024948025,195.967479674797
5.25987525987526,196.287262872629
5.27027027027027,196.509485094851
5.28066528066528,196.69918699187
5.29106029106029,196.810298102981
5.3014553014553,196.880758807588
5.31185031185031,196.921409214092
5.32224532224532,196.850948509485
5.33264033264033,196.766937669377
5.34303534303534,196.734417344173
5.35343035343035,196.542005420054
5.36382536382536,196.588075880759
5.37422037422037,196.490514905149
5.38461538461538,196.409214092141
5.3950103950104,196.327913279133
5.40540540540541,196.390243902439
5.41580041580042,196.471544715447
5.42619542619543,196.590785907859
5.43659043659044,196.785907859079
5.44698544698545,196.972899728997
5.45738045738046,197.135501355014
5.46777546777547,197.357723577236
5.47817047817048,197.449864498645
5.48856548856549,197.471544715447
5.4989604989605,197.452574525745
5.50935550935551,197.330623306233
5.51975051975052,197.054200542005
5.53014553014553,196.856368563686
5.54054054054054,196.574525745257
5.55093555093555,196.149051490515
5.56133056133056,195.861788617886
5.57172557172557,195.642276422764
5.58212058212058,195.422764227642
5.59251559251559,195.273712737127
5.6029106029106,195.075880758808
5.61330561330561,194.983739837398
5.62370062370062,194.775067750677
5.63409563409563,194.609756097561
5.64449064449064,194.40108401084
5.65488565488565,194.065040650407
5.66528066528067,193.775067750677
5.67567567567568,193.661246612466
5.68607068607069,193.392953929539
5.6964656964657,193.178861788618
5.70686070686071,193.108401084011
5.71725571725572,193.024390243902
5.72765072765073,193
5.73804573804574,193.035230352304
5.74844074844075,193.027100271003
5.75883575883576,192.991869918699
5.76923076923077,192.972899728997
5.77962577962578,192.766937669377
5.79002079002079,192.70189701897
5.8004158004158,192.539295392954
5.81081081081081,192.346883468835
5.82120582120582,192.211382113821
5.83160083160083,191.967479674797
5.84199584199584,191.715447154472
5.85239085239085,191.528455284553
5.86278586278586,191.273712737127
5.87318087318087,191.105691056911
5.88357588357588,190.842818428184
5.89397089397089,190.650406504065
5.9043659043659,190.493224932249
5.91476091476091,190.392953929539
5.92515592515593,190.235772357724
5.93555093555094,190.086720867209
5.94594594594595,190.10027100271
5.95634095634096,190.054200542005
5.96673596673597,190.005420054201
5.97713097713098,190.018970189702
5.98752598752599,190.067750677507
5.997920997921,190.037940379404
6.00831600831601,190.149051490515
6.01871101871102,190.086720867209
6.02910602910603,190.254742547425
6.03950103950104,190.292682926829
6.04989604989605,190.346883468835
6.06029106029106,190.449864498645
6.07068607068607,190.558265582656
6.08108108108108,190.647696476965
6.09147609147609,190.821138211382
6.1018711018711,190.745257452575
6.11226611226611,190.883468834688
6.12266112266112,190.864498644986
6.13305613305613,190.888888888889
6.14345114345114,190.823848238482
6.15384615384615,190.750677506775
6.16424116424116,190.60433604336
6.17463617463617,190.349593495935
6.18503118503118,190.173441734417
6.1954261954262,189.89701897019
6.20582120582121,189.536585365854
6.21621621621622,189.154471544715
6.22661122661123,188.853658536585
6.23700623700624,188.463414634146
6.24740124740125,188.151761517615
6.25779625779626,187.845528455285
6.26819126819127,187.650406504065
6.27858627858628,187.439024390244
6.28898128898129,187.487804878049
6.2993762993763,187.452574525745
6.30977130977131,187.482384823848
6.32016632016632,187.550135501355
6.33056133056133,187.710027100271
6.34095634095634,187.848238482385
6.35135135135135,188.0027100271
6.36174636174636,188.151761517615
6.37214137214137,188.276422764228
6.38253638253638,188.482384823848
6.39293139293139,188.626016260163
6.4033264033264,188.777777777778
6.41372141372141,188.905149051491
6.42411642411642,188.932249322493
6.43451143451143,189.157181571816
6.44490644490644,189.170731707317
6.45530145530145,189.29810298103
6.46569646569647,189.314363143631
6.47609147609148,189.325203252033
6.48648648648649,189.352303523035
6.4968814968815,189.447154471545
6.50727650727651,189.468834688347
6.51767151767152,189.560975609756
6.52806652806653,189.60162601626
6.53846153846154,189.677506775068
6.54885654885655,189.737127371274
6.55925155925156,189.718157181572
6.56964656964657,189.707317073171
6.58004158004158,189.634146341463
6.59043659043659,189.49864498645
6.6008316008316,189.265582655827
6.61122661122661,189.216802168022
6.62162162162162,189.094850948509
6.63201663201663,189.081300813008
6.64241164241164,189.113821138211
6.65280665280665,189.216802168022
6.66320166320166,189.392953929539
6.67359667359667,189.579945799458
6.68399168399168,189.766937669377
6.69438669438669,190.035230352304
6.7047817047817,190.409214092141
6.71517671517671,190.788617886179
6.72557172557173,191.09756097561
6.73596673596674,191.50135501355
6.74636174636175,191.991869918699
6.75675675675676,192.441734417344
6.76715176715177,192.970189701897
6.77754677754678,193.439024390244
6.78794178794179,193.951219512195
6.7983367983368,194.433604336043
6.80873180873181,194.639566395664
6.81912681912682,194.70460704607
6.82952182952183,194.70460704607
6.83991683991684,194.552845528455
6.85031185031185,194.233062330623
6.86070686070686,193.880758807588
6.87110187110187,193.463414634146
6.88149688149688,192.978319783198
6.89189189189189,192.615176151762
6.9022869022869,192.235772357724
6.91268191268191,191.867208672087
6.92307692307692,191.509485094851
6.93347193347193,191.086720867209
6.94386694386694,190.70460704607
6.95426195426195,190.344173441734
6.96465696465696,189.945799457995
6.97505197505197,189.542005420054
6.98544698544698,189.10027100271
6.995841995842,188.726287262873
7.00623700623701,188.439024390244
7.01663201663202,188.173441734417
7.02702702702703,187.962059620596
7.03742203742204,187.794037940379
7.04781704781705,187.607046070461
7.05821205821206,187.485094850949
7.06860706860707,187.392953929539
7.07900207900208,187.219512195122
7.08939708939709,187
7.0997920997921,186.910569105691
7.11018711018711,186.69647696477
7.12058212058212,186.547425474255
7.13097713097713,186.341463414634
7.14137214137214,186.162601626016
7.15176715176715,185.972899728997
7.16216216216216,185.720867208672
7.17255717255717,185.447154471545
7.18295218295218,185.173441734417
7.19334719334719,184.785907859079
7.2037422037422,184.490514905149
7.21413721413721,184.081300813008
7.22453222453222,183.691056910569
7.23492723492723,183.39566395664
7.24532224532225,183.311653116531
7.25571725571726,183.29810298103
7.26611226611227,183.422764227642
7.27650727650728,183.682926829268
7.28690228690229,184.116531165312
7.2972972972973,184.539295392954
7.30769230769231,185.135501355014
7.31808731808732,185.821138211382
7.32848232848233,186.566395663957
7.33887733887734,187.287262872629
7.34927234927235,187.888888888889
7.35966735966736,188.59620596206
7.37006237006237,189.276422764228
7.38045738045738,189.956639566396
7.39085239085239,190.607046070461
7.4012474012474,191.189701897019
7.41164241164241,191.682926829268
7.42203742203742,192.243902439024
7.43243243243243,192.552845528455
7.44282744282744,192.918699186992
7.45322245322245,193.113821138211
7.46361746361746,193.29539295393
7.47401247401247,193.30081300813
7.48440748440748,193.425474254743
7.49480249480249,193.430894308943
7.50519750519751,193.376693766938
7.51559251559252,193.214092140921
7.52598752598753,193.154471544715
7.53638253638254,193.005420054201
7.54677754677755,192.915989159892
7.55717255717256,192.688346883469
7.56756756756757,192.457994579946
7.57796257796258,192.124661246612
7.58835758835759,191.791327913279
7.5987525987526,191.430894308943
7.60914760914761,191.070460704607
7.61954261954262,190.658536585366
7.62993762993763,190.249322493225
7.64033264033264,189.813008130081
7.65072765072765,189.363143631436
7.66112266112266,188.910569105691
7.67151767151767,188.392953929539
7.68191268191268,188.075880758808
7.69230769230769,187.642276422764
7.7027027027027,187.246612466125
7.71309771309771,186.79945799458
7.72349272349272,186.571815718157
7.73388773388773,186.379403794038
7.74428274428274,186.233062330623
7.75467775467775,185.926829268293
7.76507276507277,185.932249322493
7.77546777546778,185.775067750677
7.78586278586279,185.815718157182
7.7962577962578,185.617886178862
7.80665280665281,185.428184281843
7.81704781704782,185.363143631436
7.82744282744283,185.249322493225
7.83783783783784,185.070460704607
7.84823284823285,184.924119241192
7.85862785862786,184.794037940379
7.86902286902287,184.756097560976
7.87941787941788,184.710027100271
7.88981288981289,184.682926829268
7.9002079002079,184.69918699187
7.91060291060291,184.761517615176
7.92099792099792,184.853658536585
7.93139293139293,184.878048780488
7.94178794178794,185.048780487805
7.95218295218295,185.186991869919
7.96257796257796,185.390243902439
7.97297297297297,185.634146341463
7.98336798336798,185.991869918699
7.99376299376299,186.341463414634
8.004158004158,186.588075880759
8.01455301455301,186.910569105691
8.02494802494802,187.246612466125
8.03534303534303,187.487804878049
8.04573804573805,187.650406504065
8.05613305613306,187.788617886179
8.06652806652807,187.907859078591
8.07692307692308,187.924119241192
8.08731808731809,187.856368563686
8.0977130977131,187.615176151762
8.10810810810811,187.685636856369
8.11850311850312,187.542005420054
8.12889812889813,187.528455284553
8.13929313929314,187.59891598916
8.14968814968815,187.720867208672
8.16008316008316,187.823848238482
8.17047817047817,187.964769647696
8.18087318087318,188.037940379404
8.19126819126819,188.130081300813
8.2016632016632,188.151761517615
8.21205821205821,188.089430894309
8.22245322245322,187.956639566396
8.23284823284823,187.818428184282
8.24324324324324,187.693766937669
8.25363825363825,187.439024390244
8.26403326403326,187.420054200542
8.27442827442827,187.29810298103
8.28482328482328,187.360433604336
8.29521829521829,187.330623306233
8.3056133056133,187.276422764228
8.31600831600832,187.336043360434
8.32640332640333,187.341463414634
8.33679833679834,187.143631436314
8.34719334719335,186.934959349593
8.35758835758836,186.542005420054
8.36798336798337,186.189701897019
8.37837837837838,185.742547425474
8.38877338877339,185.252032520325
8.3991683991684,184.718157181572
8.40956340956341,184.170731707317
8.41995841995842,183.758807588076
8.43035343035343,183.311653116531
8.44074844074844,182.9972899729
8.45114345114345,182.680216802168
8.46153846153846,182.485094850949
8.47193347193347,182.349593495935
8.48232848232848,182.257452574526
8.49272349272349,182.19512195122
8.5031185031185,182.276422764228
8.51351351351351,182.235772357724
8.52390852390852,182.344173441734
8.53430353430353,182.363143631436
8.54469854469854,182.468834688347
8.55509355509355,182.579945799458
8.56548856548856,182.718157181572
8.57588357588357,182.891598915989
8.58627858627859,183.09756097561
8.5966735966736,183.336043360434
8.60706860706861,183.69647696477
8.61746361746362,183.991869918699
8.62785862785863,184.417344173442
8.63825363825364,184.723577235772
8.64864864864865,185.046070460705
8.65904365904366,185.49593495935
8.66943866943867,185.918699186992
8.67983367983368,186.262872628726
8.69022869022869,186.593495934959
8.7006237006237,186.926829268293
8.71101871101871,187.338753387534
8.72141372141372,187.644986449864
8.73180873180873,187.834688346883
8.74220374220374,188.108401084011
8.75259875259875,188.260162601626
8.76299376299376,188.319783197832
8.77338877338877,188.306233062331
8.78378378378378,188.322493224932
8.79417879417879,188.284552845528
8.8045738045738,188.170731707317
8.81496881496881,187.9972899729
8.82536382536382,187.821138211382
8.83575883575883,187.685636856369
8.84615384615385,187.590785907859
8.85654885654886,187.365853658537
8.86694386694387,187.224932249323
8.87733887733888,187.108401084011
8.88773388773389,187.008130081301
8.8981288981289,186.891598915989
8.90852390852391,186.829268292683
8.91891891891892,186.818428184282
8.92931392931393,186.943089430894
8.93970893970894,186.929539295393
8.95010395010395,187.0027100271
8.96049896049896,187.140921409214
8.97089397089397,187.233062330623
8.98128898128898,187.392953929539
8.99168399168399,187.485094850949
9.002079002079,187.455284552846
9.01247401247401,187.376693766938
9.02286902286902,187.376693766938
9.03326403326403,187.249322493225
9.04365904365904,187.065040650407
9.05405405405405,186.880758807588
9.06444906444906,186.707317073171
9.07484407484407,186.525745257453
9.08523908523908,186.360433604336
9.09563409563409,186.154471544715
9.10602910602911,186.010840108401
9.11642411642412,185.731707317073
9.12681912681913,185.531165311653
9.13721413721414,185.365853658537
9.14760914760915,185.230352303523
9.15800415800416,185.043360433604
9.16839916839917,184.864498644986
9.17879417879418,184.731707317073
9.18918918918919,184.609756097561
9.1995841995842,184.490514905149
9.20997920997921,184.376693766938
9.22037422037422,184.308943089431
9.23076923076923,184.249322493225
9.24116424116424,184.092140921409
9.25155925155925,183.940379403794
9.26195426195426,183.813008130081
9.27234927234927,183.821138211382
9.28274428274428,183.737127371274
9.29313929313929,183.666666666667
9.3035343035343,183.756097560976
9.31392931392931,183.883468834688
9.32432432432432,183.959349593496
9.33471933471933,183.932249322493
9.34511434511434,183.9972899729
9.35550935550935,183.986449864499
9.36590436590437,183.994579945799
9.37629937629938,183.953929539295
9.38669438669439,183.872628726287
9.3970893970894,183.769647696477
9.40748440748441,183.672086720867
9.41787941787942,183.523035230352
9.42827442827443,183.452574525745
9.43866943866944,183.289972899729
9.44906444906445,183.208672086721
9.45945945945946,183.081300813008
9.46985446985447,182.962059620596
9.48024948024948,182.766937669377
9.49064449064449,182.490514905149
9.5010395010395,182.176151761518
9.51143451143451,181.878048780488
9.52182952182952,181.425474254743
9.53222453222453,181.108401084011
9.54261954261954,180.569105691057
9.55301455301455,180.059620596206
9.56340956340956,179.672086720867
9.57380457380457,179.333333333333
9.58419958419958,179.010840108401
9.59459459459459,178.80216802168
9.6049896049896,178.672086720867
9.61538461538462,178.723577235772
9.62577962577963,178.777777777778
9.63617463617464,178.945799457995
9.64656964656965,179.157181571816
9.65696465696466,179.531165311653
9.66735966735967,179.924119241192
9.67775467775468,180.208672086721
9.68814968814969,180.761517615176
9.6985446985447,181.143631436314
9.70893970893971,181.636856368564
9.71933471933472,182.092140921409
9.72972972972973,182.39837398374
9.74012474012474,182.666666666667
9.75051975051975,182.948509485095
9.76091476091476,183.040650406504
9.77130977130977,183.119241192412
9.78170478170478,183.040650406504
9.79209979209979,182.875338753388
9.8024948024948,182.674796747967
9.81288981288981,182.420054200542
9.82328482328482,182.070460704607
9.83367983367983,181.764227642276
9.84407484407484,181.333333333333
9.85446985446985,180.989159891599
9.86486486486486,180.523035230352
9.87525987525988,180.037940379404
9.88565488565489,179.623306233062
9.8960498960499,179.254742547425
9.90644490644491,178.888888888889
9.91683991683992,178.528455284553
9.92723492723493,178.233062330623
9.93762993762994,178.016260162602
9.94802494802495,177.80487804878
9.95841995841996,177.536585365854
9.96881496881497,177.308943089431
9.97920997920998,177.10027100271
9.98960498960499,176.821138211382
10,176.693766937669
10.010395010395,176.609756097561
10.02079002079,176.560975609756
10.031185031185,176.615176151762
10.04158004158,176.693766937669
10.0519750519751,176.918699186992
10.0623700623701,177.151761517615
10.0727650727651,177.460704607046
10.0831600831601,177.680216802168
10.0935550935551,178.013550135501
10.1039501039501,178.257452574526
10.1143451143451,178.574525745257
10.1247401247401,178.956639566396
10.1351351351351,179.292682926829
10.1455301455301,179.60433604336
10.1559251559252,180.073170731707
10.1663201663202,180.50406504065
10.1767151767152,181.089430894309
10.1871101871102,181.50135501355
10.1975051975052,182.086720867209
10.2079002079002,182.566395663957
10.2182952182952,182.970189701897
10.2286902286902,183.287262872629
10.2390852390852,183.620596205962
10.2494802494802,183.945799457995
10.2598752598753,184.054200542005
10.2702702702703,184.181571815718
10.2806652806653,184.168021680217
10.2910602910603,184.189701897019
10.3014553014553,184.181571815718
10.3118503118503,184.10298102981
10.3222453222453,183.948509485095
10.3326403326403,183.932249322493
10.3430353430353,183.672086720867
10.3534303534304,183.815718157182
10.3638253638254,183.669376693767
10.3742203742204,183.766937669377
10.3846153846154,183.810298102981
10.3950103950104,183.880758807588
10.4054054054054,183.970189701897
10.4158004158004,184.046070460705
10.4261954261954,184.094850948509
10.4365904365904,184.105691056911
10.4469854469854,184.005420054201
10.4573804573805,183.964769647696
10.4677754677755,183.826558265583
10.4781704781705,183.585365853659
10.4885654885655,183.235772357724
10.4989604989605,182.848238482385
10.5093555093555,182.357723577236
10.5197505197505,181.878048780488
10.5301455301455,181.368563685637
10.5405405405405,180.775067750677
10.5509355509356,180.279132791328
10.5613305613306,179.742547425474
10.5717255717256,179.287262872629
10.5821205821206,178.861788617886
10.5925155925156,178.60162601626
10.6029106029106,178.390243902439
10.6133056133056,178.254742547425
10.6237006237006,177.972899728997
10.6340956340956,177.813008130081
10.6444906444906,177.658536585366
10.6548856548857,177.439024390244
10.6652806652807,177.121951219512
10.6756756756757,176.905149051491
10.6860706860707,176.577235772358
10.6964656964657,176.444444444444
10.7068607068607,176.241192411924
10.7172557172557,176.051490514905
10.7276507276507,176.127371273713
10.7380457380457,176.260162601626
10.7484407484407,176.322493224932
10.7588357588358,176.544715447154
10.7692307692308,176.742547425474
10.7796257796258,177.051490514905
10.7900207900208,177.227642276423
10.8004158004158,177.349593495935
10.8108108108108,177.487804878049
10.8212058212058,177.623306233062
10.8316008316008,177.712737127371
10.8419958419958,177.688346883469
10.8523908523909,177.753387533875
10.8627858627859,177.853658536585
10.8731808731809,178.037940379404
10.8835758835759,178.233062330623
10.8939708939709,178.439024390244
10.9043659043659,178.620596205962
10.9147609147609,178.875338753388
10.9251559251559,179.162601626016
10.9355509355509,179.346883468835
10.9459459459459,179.471544715447
10.956340956341,179.577235772358
10.966735966736,179.650406504065
10.977130977131,179.669376693767
10.987525987526,179.693766937669
10.997920997921,179.672086720867
11.008316008316,179.674796747967
11.018711018711,179.628726287263
11.029106029106,179.588075880759
11.039501039501,179.506775067751
11.0498960498961,179.420054200542
11.0602910602911,179.246612466125
11.0706860706861,179.078590785908
11.0810810810811,178.894308943089
11.0914760914761,178.69647696477
11.1018711018711,178.528455284553
11.1122661122661,178.376693766938
11.1226611226611,178.181571815718
11.1330561330561,178.078590785908
11.1434511434511,178
11.1538461538462,177.924119241192
11.1642411642412,177.853658536585
11.1746361746362,177.769647696477
11.1850311850312,177.734417344173
11.1954261954262,177.590785907859
11.2058212058212,177.517615176152
11.2162162162162,177.447154471545
11.2266112266112,177.371273712737
11.2370062370062,177.376693766938
11.2474012474012,177.371273712737
11.2577962577963,177.476964769648
11.2681912681913,177.517615176152
11.2785862785863,177.655826558266
11.2889812889813,177.829268292683
11.2993762993763,178.027100271003
11.3097713097713,178.219512195122
11.3201663201663,178.552845528455
11.3305613305613,178.975609756098
11.3409563409563,179.219512195122
11.3513513513514,179.761517615176
11.3617463617464,180.189701897019
11.3721413721414,180.691056910569
11.3825363825364,181.157181571816
11.3929313929314,181.677506775068
11.4033264033264,182.084010840108
11.4137214137214,182.514905149051
11.4241164241164,182.80487804878
11.4345114345114,183.235772357724
11.4449064449064,183.390243902439
11.4553014553015,183.59891598916
11.4656964656965,183.79945799458
11.4760914760915,183.875338753388
11.4864864864865,183.913279132791
11.4968814968815,184.008130081301
11.5072765072765,184.116531165312
11.5176715176715,184.151761517615
11.5280665280665,184.219512195122
11.5384615384615,184.384823848238
11.5488565488565,184.490514905149
11.5592515592516,184.525745257453
11.5696465696466,184.631436314363
11.5800415800416,184.734417344173
11.5904365904366,184.981029810298
11.6008316008316,185.173441734417
11.6112266112266,185.49864498645
11.6216216216216,185.883468834688
11.6320166320166,186.338753387534
11.6424116424116,186.886178861789
11.6528066528067,187.574525745257
11.6632016632017,188.116531165312
11.6735966735967,188.737127371274
11.6839916839917,189.29539295393
11.6943866943867,189.845528455285
11.7047817047817,190.287262872629
11.7151767151767,190.626016260163
11.7255717255717,190.945799457995
11.7359667359667,191.10298102981
11.7463617463617,191.146341463415
11.7567567567568,191.162601626016
11.7671517671518,190.978319783198
11.7775467775468,190.726287262873
11.7879417879418,190.325203252033
11.7983367983368,189.905149051491
11.8087318087318,189.39837398374
11.8191268191268,188.715447154472
11.8295218295218,187.972899728997
11.8399168399168,187.338753387534
11.8503118503119,186.693766937669
11.8607068607069,186.116531165312
11.8711018711019,185.555555555556
11.8814968814969,185.008130081301
11.8918918918919,184.555555555556
11.9022869022869,184.121951219512
11.9126819126819,183.588075880759
11.9230769230769,183.121951219512
11.9334719334719,182.607046070461
11.9438669438669,182.084010840108
11.954261954262,181.474254742547
11.964656964657,180.951219512195
11.975051975052,180.471544715447
11.985446985447,180.008130081301
11.995841995842,179.60433604336
12.006237006237,179.319783197832
12.016632016632,179.165311653117
12.027027027027,179.016260162602
12.037422037422,178.959349593496
12.047817047817,178.967479674797
12.0582120582121,178.943089430894
12.0686070686071,178.915989159892
12.0790020790021,178.986449864499
12.0893970893971,178.948509485095
12.0997920997921,179.051490514905
12.1101871101871,179.092140921409
12.1205821205821,179.20325203252
12.1309771309771,179.192411924119
12.1413721413721,179.325203252033
12.1517671517672,179.523035230352
12.1621621621622,179.50406504065
12.1725571725572,179.493224932249
12.1829521829522,179.49593495935
12.1933471933472,179.428184281843
12.2037422037422,179.39837398374
12.2141372141372,179.146341463415
12.2245322245322,178.986449864499
12.2349272349272,178.761517615176
12.2453222453222,178.422764227642
12.2557172557173,178.192411924119
12.2661122661123,177.864498644986
12.2765072765073,177.550135501355
12.2869022869023,177.170731707317
12.2972972972973,176.79674796748
12.3076923076923,176.425474254743
12.3180873180873,176.043360433604
12.3284823284823,175.818428184282
12.3388773388773,175.487804878049
12.3492723492723,175.308943089431
12.3596673596674,175.111111111111
12.3700623700624,174.975609756098
12.3804573804574,174.845528455285
12.3908523908524,174.840108401084
12.4012474012474,174.913279132791
12.4116424116424,175.073170731707
12.4220374220374,175.181571815718
12.4324324324324,175.417344173442
12.4428274428274,175.680216802168
12.4532224532225,176.027100271003
12.4636174636175,176.360433604336
12.4740124740125,176.691056910569
12.4844074844075,177.075880758808
12.4948024948025,177.40379403794
12.5051975051975,177.788617886179
12.5155925155925,177.991869918699
12.5259875259875,178.352303523035
12.5363825363825,178.612466124661
12.5467775467775,178.840108401084
12.5571725571726,179.048780487805
12.5675675675676,179.327913279133
12.5779625779626,179.555555555556
12.5883575883576,179.791327913279
12.5987525987526,179.972899728997
12.6091476091476,180.078590785908
12.6195426195426,180.20054200542
12.6299376299376,180.273712737127
12.6403326403326,180.306233062331
12.6507276507277,180.308943089431
12.6611226611227,180.246612466125
12.6715176715177,180.284552845528
12.6819126819127,180.271002710027
12.6923076923077,180.460704607046
12.7027027027027,180.672086720867
12.7130977130977,180.891598915989
12.7234927234927,181.227642276423
12.7338877338877,181.769647696477
12.7442827442827,182.178861788618
12.7546777546778,182.788617886179
12.7650727650728,183.276422764228
12.7754677754678,183.932249322493
12.7858627858628,184.528455284553
12.7962577962578,185.113821138211
12.8066528066528,185.788617886179
12.8170478170478,186.468834688347
12.8274428274428,186.89972899729
12.8378378378378,187.430894308943
12.8482328482328,187.913279132791
12.8586278586279,188.444444444444
12.8690228690229,188.880758807588
12.8794178794179,189.254742547425
12.8898128898129,189.658536585366
12.9002079002079,190.146341463415
12.9106029106029,190.468834688347
12.9209979209979,190.842818428184
12.9313929313929,191.157181571816
12.9417879417879,191.425474254743
12.952182952183,191.528455284553
12.962577962578,191.555555555556
12.972972972973,191.482384823848
12.983367983368,191.205962059621
12.993762993763,190.910569105691
13.004158004158,190.487804878049
13.014553014553,190.119241192412
13.024948024948,189.623306233062
13.035343035343,189.222222222222
13.045738045738,188.850948509485
13.0561330561331,188.430894308943
13.0665280665281,187.9972899729
13.0769230769231,187.50406504065
13.0873180873181,187.09756097561
13.0977130977131,186.588075880759
13.1081081081081,186.119241192412
13.1185031185031,185.626016260163
13.1288981288981,185.178861788618
13.1392931392931,184.859078590786
13.1496881496881,184.588075880759
13.1600831600832,184.517615176152
13.1704781704782,184.457994579946
13.1808731808732,184.566395663957
13.1912681912682,184.756097560976
13.2016632016632,184.943089430894
13.2120582120582,185.184281842818
13.2224532224532,185.392953929539
13.2328482328482,185.539295392954
13.2432432432432,185.569105691057
13.2536382536383,185.520325203252
13.2640332640333,185.447154471545
13.2744282744283,185.271002710027
13.2848232848233,185.092140921409
13.2952182952183,184.875338753388
13.3056133056133,184.715447154472
13.3160083160083,184.444444444444
13.3264033264033,184.135501355014
13.3367983367983,183.9972899729
13.3471933471933,183.886178861789
13.3575883575884,183.712737127371
13.3679833679834,183.514905149051
13.3783783783784,183.390243902439
13.3887733887734,183.333333333333
13.3991683991684,183.238482384824
13.4095634095634,183.176151761518
13.4199584199584,183.149051490515
13.4303534303534,183.135501355014
13.4407484407484,183.246612466125
13.4511434511435,183.252032520325
13.4615384615385,183.176151761518
13.4719334719335,183.265582655827
13.4823284823285,183.333333333333
13.4927234927235,183.233062330623
13.5031185031185,183.165311653117
13.5135135135135,183.081300813008
13.5239085239085,183.008130081301
13.5343035343035,182.953929539295
13.5446985446985,182.905149051491
13.5550935550936,182.921409214092
13.5654885654886,183.073170731707
13.5758835758836,183.281842818428
13.5862785862786,183.574525745257
13.5966735966736,183.959349593496
13.6070686070686,184.430894308943
13.6174636174636,185.013550135501
13.6278586278586,185.666666666667
13.6382536382536,186.382113821138
13.6486486486486,187.186991869919
13.6590436590437,187.945799457995
13.6694386694387,188.653116531165
13.6798336798337,189.346883468835
13.6902286902287,190.035230352304
13.7006237006237,190.739837398374
13.7110187110187,191.311653116531
13.7214137214137,191.734417344173
13.7318087318087,192.143631436314
13.7422037422037,192.49864498645
13.7525987525988,192.69918699187
13.7629937629938,192.753387533875
13.7733887733888,192.747967479675
13.7837837837838,192.672086720867
13.7941787941788,192.449864498645
13.8045738045738,192.176151761518
13.8149688149688,191.829268292683
13.8253638253638,191.493224932249
13.8357588357588,191.149051490515
13.8461538461538,190.915989159892
13.8565488565489,190.60162601626
13.8669438669439,190.249322493225
13.8773388773389,190.024390243902
13.8877338877339,189.878048780488
13.8981288981289,189.728997289973
13.9085239085239,189.620596205962
13.9189189189189,189.60433604336
13.9293139293139,189.663956639566
13.9397089397089,189.728997289973
13.9501039501039,189.859078590786
13.960498960499,190.005420054201
13.970893970894,190.216802168022
13.981288981289,190.463414634146
13.991683991684,190.607046070461
14.002079002079,190.807588075881
14.012474012474,190.894308943089
14.022869022869,191.008130081301
14.033264033264,191.070460704607
14.043659043659,191.027100271003
14.0540540540541,191.024390243902
14.0644490644491,191
14.0748440748441,190.907859078591
14.0852390852391,190.850948509485
14.0956340956341,190.742547425474
14.1060291060291,190.794037940379
14.1164241164241,190.791327913279
14.1268191268191,190.758807588076
14.1372141372141,190.90243902439
14.1476091476091,191.081300813008
14.1580041580042,191.205962059621
14.1683991683992,191.571815718157
14.1787941787942,191.861788617886
14.1891891891892,192.390243902439
14.1995841995842,192.810298102981
14.2099792099792,193.336043360434
14.2203742203742,193.907859078591
14.2307692307692,194.468834688347
14.2411642411642,194.821138211382
14.2515592515593,195.241192411924
14.2619542619543,195.60433604336
14.2723492723493,195.756097560976
14.2827442827443,195.70460704607
14.2931392931393,195.612466124661
14.3035343035343,195.420054200542
14.3139293139293,195.032520325203
14.3243243243243,194.623306233062
14.3347193347193,194.0027100271
14.3451143451143,193.552845528455
14.3555093555094,192.883468834688
14.3659043659044,192.246612466125
14.3762993762994,191.582655826558
14.3866943866944,190.983739837398
14.3970893970894,190.325203252033
14.4074844074844,189.672086720867
14.4178794178794,189.086720867209
14.4282744282744,188.409214092141
14.4386694386694,187.878048780488
14.4490644490644,187.373983739837
14.4594594594595,186.867208672087
