"Date: 11/19/2019 11:21:23 AM"
0
#TRUE#,#FALSE#,#FALSE#
#TRUE#
68.6,68.6,68.6
"E:\Scan 2\Coral_2_2_11_OFRA8.bmp"
""
161,468,1555,735,1607,464,213,197
1420
0,216.729241877256
1.45772594752187E-02,216.758122743682
2.91545189504373E-02,216.025270758123
.043731778425656,215.397111913357
5.83090379008746E-02,215.26714801444
7.28862973760933E-02,214.696750902527
.087463556851312,214.592057761733
.102040816326531,214.191335740072
.116618075801749,213.750902527076
.131195335276968,213.696750902527
.145772594752187,213.451263537906
.160349854227405,213.534296028881
.174927113702624,213.581227436823
.189504373177843,213.58844765343
.204081632653061,214.13357400722
.21865889212828,214.631768953069
.233236151603499,215.512635379061
.247813411078717,216.12274368231
.262390670553936,216.653429602888
.276967930029155,217.440433212996
.291545189504373,218.007220216606
.306122448979592,218.498194945848
.32069970845481,218.592057761733
.335276967930029,218.664259927798
.349854227405248,219.039711191336
.364431486880467,219.173285198556
.379008746355685,219.296028880866
.393586005830904,219.332129963899
.408163265306122,219.42238267148
.422740524781341,219.84476534296
.43731778425656,220.046931407942
.451895043731778,220.335740072202
.466472303206997,220.635379061372
.481049562682216,221.028880866426
.495626822157434,221.541516245487
.510204081632653,222.140794223827
.524781341107872,222.350180505415
.53935860058309,222.342960288809
.553935860058309,222.245487364621
.568513119533528,222.169675090253
.583090379008746,222.137184115523
.597667638483965,221.812274368231
.612244897959184,221.28880866426
.626822157434402,220.794223826715
.641399416909621,220.707581227437
.65597667638484,220.361010830325
.670553935860058,220.490974729242
.685131195335277,220.198555956679
.699708454810496,220.068592057762
.714285714285714,220.303249097473
.728862973760933,220.205776173285
.743440233236152,220.472924187726
.75801749271137,220.050541516245
.772594752186589,219.548736462094
.787172011661808,219.418772563177
.801749271137026,218.891696750903
.816326530612245,219.01083032491
.830903790087464,218.815884476534
.845481049562682,218.541516245487
.860058309037901,219.068592057762
.87463556851312,218.909747292419
.889212827988338,218.718411552347
.903790087463557,218.949458483755
.918367346938776,218.382671480144
.932944606413994,218.353790613718
.947521865889213,218.407942238267
.962099125364432,218.007220216606
.97667638483965,218.173285198556
.991253644314869,218.202166064982
1.00583090379009,218.350180505415
1.02040816326531,218.714801444043
1.03498542274052,218.5559566787
1.04956268221574,218.592057761733
1.06413994169096,218.935018050542
1.07871720116618,218.931407942238
1.0932944606414,219.050541516245
1.10787172011662,219.379061371841
1.12244897959184,219.238267148014
1.13702623906706,219.830324909747
1.15160349854227,219.826714801444
1.16618075801749,219.945848375451
1.18075801749271,220.56678700361
1.19533527696793,220.599277978339
1.20991253644315,221.296028880866
1.22448979591837,221.826714801444
1.23906705539359,222.202166064982
1.2536443148688,222.945848375451
1.26822157434402,222.891696750903
1.28279883381924,223.126353790614
1.29737609329446,223.451263537906
1.31195335276968,223.212996389892
1.3265306122449,223.335740072202
1.34110787172012,223.166064981949
1.35568513119534,222.664259927798
1.37026239067055,223.101083032491
1.38483965014577,222.42238267148
1.39941690962099,222.093862815884
1.41399416909621,221.765342960289
1.42857142857143,221.101083032491
1.44314868804665,221.097472924188
1.45772594752187,220.5559566787
1.47230320699708,220.090252707581
1.4868804664723,220.231046931408
1.50145772594752,219.833935018051
1.51603498542274,220.126353790614
1.53061224489796,219.642599277978
1.54518950437318,219.617328519856
1.5597667638484,219.664259927798
1.57434402332362,219.545126353791
1.58892128279883,220.140794223827
1.60349854227405,219.992779783394
1.61807580174927,220.270758122744
1.63265306122449,220.259927797834
1.64723032069971,220.176895306859
1.66180758017493,220.281588447653
1.67638483965015,220.184115523466
1.69096209912536,219.996389891697
1.70553935860058,219.772563176895
1.7201166180758,219.73285198556
1.73469387755102,219.534296028881
1.74927113702624,219.335740072202
1.76384839650146,218.963898916968
1.77842565597668,218.375451263538
1.7930029154519,218.054151624549
1.80758017492711,217.574007220217
1.82215743440233,217.212996389892
1.83673469387755,217.021660649819
1.85131195335277,216.758122743682
1.86588921282799,216.870036101083
1.88046647230321,216.779783393502
1.89504373177843,216.808664259928
1.90962099125364,216.815884476534
1.92419825072886,216.56678700361
1.93877551020408,216.805054151625
1.9533527696793,216.537906137184
1.96793002915452,216.602888086643
1.98250728862974,216.682310469314
1.99708454810496,216.505415162455
2.01166180758017,217.093862815884
2.02623906705539,217.194945848375
2.04081632653061,217.209386281588
2.05539358600583,217.476534296029
2.06997084548105,217.509025270758
2.08454810495627,217.664259927798
2.09912536443149,217.870036101083
2.11370262390671,217.599277978339
2.12827988338192,217.693140794224
2.14285714285714,218.036101083032
2.15743440233236,218.310469314079
2.17201166180758,218.884476534296
2.1865889212828,218.884476534296
2.20116618075802,219.097472924188
2.21574344023324,219.379061371841
2.23032069970846,219.671480144404
2.24489795918367,219.761732851986
2.25947521865889,220.007220216606
2.27405247813411,220.15523465704
2.28862973760933,220.241877256318
2.30320699708455,220.631768953069
2.31778425655977,220.350180505415
2.33236151603499,220.306859205776
2.3469387755102,220.169675090253
2.36151603498542,219.490974729242
2.37609329446064,219.480144404332
2.39067055393586,219
2.40524781341108,218.754512635379
2.4198250728863,218.736462093863
2.43440233236152,218.490974729242
2.44897959183673,218.4440433213
2.46355685131195,218.306859205776
2.47813411078717,218.252707581227
2.49271137026239,218.400722021661
2.50728862973761,218.462093862816
2.52186588921283,218.563176895307
2.53644314868805,218.606498194946
2.55102040816327,218.779783393502
2.56559766763848,218.859205776173
2.5801749271137,218.974729241877
2.59475218658892,219.079422382671
2.60932944606414,218.765342960289
2.62390670553936,218.70036101083
2.63848396501458,218.559566787004
2.6530612244898,218.075812274368
2.66763848396501,217.743682310469
2.68221574344023,217.151624548736
2.69679300291545,216.552346570397
2.71137026239067,215.765342960289
2.72594752186589,215.097472924188
2.74052478134111,214.371841155235
2.75510204081633,213.823104693141
2.76967930029155,213.440433212996
2.78425655976676,213.104693140794
2.79883381924198,213.119133574007
2.8134110787172,212.758122743682
2.82798833819242,212.718411552347
2.84256559766764,212.718411552347
2.85714285714286,212.599277978339
2.87172011661808,212.790613718412
2.88629737609329,212.772563176895
2.90087463556851,212.743682310469
2.91545189504373,212.750902527076
2.93002915451895,212.71119133574
2.94460641399417,212.638989169675
2.95918367346939,212.317689530686
2.97376093294461,212.310469314079
2.98833819241983,212.27797833935
3.00291545189504,212.129963898917
3.01749271137026,212.173285198556
3.03206997084548,212.382671480144
3.0466472303207,212.675090252708
3.06122448979592,212.935018050542
3.07580174927114,213.079422382671
3.09037900874636,213.303249097473
3.10495626822157,213.223826714801
3.11953352769679,213.072202166065
3.13411078717201,212.895306859206
3.14868804664723,212.750902527076
3.16326530612245,212.389891696751
3.17784256559767,211.978339350181
3.19241982507289,211.393501805054
3.20699708454811,210.996389891697
3.22157434402332,210.519855595668
3.23615160349854,210.064981949458
3.25072886297376,209.664259927798
3.26530612244898,209.490974729242
3.2798833819242,209.220216606498
3.29446064139942,209.270758122744
3.30903790087464,209.476534296029
3.32361516034985,209.324909747292
3.33819241982507,209.429602888087
3.35276967930029,209.5559566787
3.36734693877551,209.638989169675
3.38192419825073,209.667870036101
3.39650145772595,209.519855595668
3.41107871720117,209.176895306859
3.42565597667639,209.205776173285
3.4402332361516,209.166064981949
3.45481049562682,209.451263537906
3.46938775510204,209.70036101083
3.48396501457726,209.400722021661
3.49854227405248,209.87725631769
3.5131195335277,209.974729241877
3.52769679300292,210.754512635379
3.54227405247813,210.942238267148
3.55685131195335,211.050541516245
3.57142857142857,211.559566787004
3.58600583090379,211.924187725632
3.60058309037901,212.458483754513
3.61516034985423,212.873646209386
3.62973760932945,212.981949458484
3.64431486880467,213.241877256318
3.65889212827988,213.592057761733
3.6734693877551,213.685920577617
3.68804664723032,214.01083032491
3.70262390670554,213.740072202166
3.71720116618076,213.86642599278
3.73177842565598,214.162454873646
3.7463556851312,214.162454873646
3.76093294460641,214.400722021661
3.77551020408163,214.361010830325
3.79008746355685,214.617328519856
3.80466472303207,214.920577617329
3.81924198250729,215.14440433213
3.83381924198251,215.205776173285
3.84839650145773,215.429602888087
3.86297376093294,215.592057761733
3.87755102040816,215.462093862816
3.89212827988338,215.436823104693
3.9067055393586,214.978339350181
3.92128279883382,214.888086642599
3.93586005830904,215.259927797834
3.95043731778426,214.71119133574
3.96501457725948,214.815884476534
3.97959183673469,214.501805054152
3.99416909620991,214.328519855596
4.00874635568513,215.057761732852
4.02332361516035,214.85559566787
4.03790087463557,215.050541516245
4.05247813411079,214.794223826715
4.06705539358601,214.436823104693
4.08163265306122,214.635379061372
4.09620991253644,214.274368231047
4.11078717201166,213.916967509025
4.12536443148688,213.956678700361
4.1399416909621,213.43321299639
4.15451895043732,213.620938628159
4.16909620991254,213.552346570397
4.18367346938776,213.476534296029
4.19825072886297,213.570397111913
4.21282798833819,213.563176895307
4.22740524781341,213.346570397112
4.24198250728863,213.216606498195
4.25655976676385,213.028880866426
4.27113702623907,212.768953068592
4.28571428571429,212.617328519856
4.3002915451895,212.162454873646
4.31486880466472,212.119133574007
4.32944606413994,211.884476534296
4.34402332361516,211.916967509025
4.35860058309038,211.750902527076
4.3731778425656,211.472924187726
4.38775510204082,211.714801444043
4.40233236151604,211.628158844765
4.41690962099125,211.70036101083
4.43148688046647,211.462093862816
4.44606413994169,211.198555956679
4.46064139941691,211.534296028881
4.47521865889213,211.750902527076
4.48979591836735,211.815884476534
4.50437317784257,211.938628158845
4.51895043731778,211.574007220217
4.533527696793,211.73285198556
4.54810495626822,211.787003610108
4.56268221574344,211.657039711191
4.57725947521866,211.725631768953
4.59183673469388,211.162454873646
4.6064139941691,211.285198555957
4.62099125364432,211.350180505415
4.63556851311953,211.227436823105
4.65014577259475,211.270758122744
4.66472303206997,211.093862815884
4.67930029154519,210.895306859206
4.69387755102041,210.805054151625
4.70845481049563,210.841155234657
4.72303206997085,210.873646209386
4.73760932944606,210.978339350181
4.75218658892128,210.942238267148
4.7667638483965,210.960288808664
4.78134110787172,211.072202166065
4.79591836734694,211.465703971119
4.81049562682216,211.610108303249
4.82507288629738,211.631768953069
4.8396501457726,212.169675090253
4.85422740524781,212.12274368231
4.86880466472303,212.393501805054
4.88338192419825,212.350180505415
4.89795918367347,211.924187725632
4.91253644314869,212.057761732852
4.92711370262391,211.296028880866
4.94169096209913,211.227436823105
4.95626822157434,210.891696750903
4.97084548104956,210.592057761733
4.98542274052478,210.765342960289
5,210.259927797834
5.01457725947522,210.209386281588
5.02915451895044,209.776173285199
5.04373177842566,209.537906137184
5.05830903790087,209.592057761733
5.07288629737609,208.916967509025
5.08746355685131,208.624548736462
5.10204081632653,207.920577617329
5.11661807580175,207.281588447653
5.13119533527697,207.263537906137
5.14577259475219,206.462093862816
5.16034985422741,205.638989169675
5.17492711370262,204.945848375451
5.18950437317784,204.407942238267
5.20408163265306,204.317689530686
5.21865889212828,204.187725631769
5.2332361516035,204.079422382671
5.24781341107872,204.512635379061
5.26239067055394,204.747292418773
5.27696793002916,205.13357400722
5.29154518950437,205.620938628159
5.30612244897959,206.13357400722
5.32069970845481,206.783393501805
5.33527696793003,207.599277978339
5.34985422740525,207.942238267148
5.36443148688047,208.357400722022
5.37900874635569,209.104693140794
5.3935860058309,209.559566787004
5.40816326530612,210.606498194946
5.42274052478134,210.971119133574
5.43731778425656,211.281588447653
5.45189504373178,211.729241877256
5.466472303207,211.920577617329
5.48104956268222,212.574007220217
5.49562682215744,212.494584837545
5.51020408163265,211.826714801444
5.52478134110787,211.812274368231
5.53935860058309,211.27797833935
5.55393586005831,211.285198555957
5.56851311953353,210.931407942238
5.58309037900875,210.209386281588
5.59766763848397,210.003610108303
5.61224489795918,209.823104693141
5.6268221574344,209.805054151625
5.64139941690962,209.736462093863
5.65597667638484,209.714801444043
5.67055393586006,209.992779783394
5.68513119533528,210.462093862816
5.6997084548105,210.916967509025
5.71428571428571,211.252707581227
5.72886297376093,211.812274368231
5.74344023323615,212.660649819495
5.75801749271137,213.064981949458
5.77259475218659,213.71119133574
5.78717201166181,213.953068592058
5.80174927113703,214.12274368231
5.81632653061225,214.935018050542
5.83090379008746,214.898916967509
5.84548104956268,215.158844765343
5.8600583090379,215.184115523466
5.87463556851312,214.927797833935
5.88921282798834,215.534296028881
5.90379008746356,215.353790613718
5.91836734693878,215.212996389892
5.93294460641399,215.180505415162
5.94752186588921,214.873646209386
5.96209912536443,215.068592057762
5.97667638483965,214.606498194946
5.99125364431487,214.032490974729
6.00583090379009,213.664259927798
6.02040816326531,213.061371841155
6.03498542274053,212.57761732852
6.04956268221574,211.454873646209
6.06413994169096,210.664259927798
6.07871720116618,209.920577617329
6.0932944606414,209.151624548736
6.10787172011662,208.862815884477
6.12244897959184,207.84476534296
6.13702623906706,207.718411552347
6.15160349854227,208.111913357401
6.16618075801749,208.137184115523
6.18075801749271,208.592057761733
6.19533527696793,208.465703971119
6.20991253644315,208.548736462094
6.22448979591837,209.032490974729
6.23906705539359,208.826714801444
6.25364431486881,208.985559566787
6.26822157434402,209.032490974729
6.28279883381924,208.703971119134
6.29737609329446,209.021660649819
6.31195335276968,208.530685920578
6.3265306122449,208.519855595668
6.34110787172012,208.41155234657
6.35568513119534,207.768953068592
6.37026239067055,207.761732851986
6.38483965014577,207.119133574007
6.39941690962099,207.079422382671
6.41399416909621,206.960288808664
6.42857142857143,206.873646209386
6.44314868804665,206.985559566787
6.45772594752187,206.458483754513
6.47230320699709,206.379061371841
6.4868804664723,206.140794223827
6.50145772594752,206.234657039711
6.51603498542274,206.27797833935
6.53061224489796,206.079422382671
6.54518950437318,206.43321299639
6.5597667638484,206.527075812274
6.57434402332362,206.714801444043
6.58892128279883,207.12274368231
6.60349854227405,207.657039711191
6.61807580174927,208.086642599278
6.63265306122449,208.967509025271
6.64723032069971,209.021660649819
6.66180758017493,209.765342960289
6.67638483965015,210.15523465704
6.69096209912536,210.429602888087
6.70553935860058,210.906137184116
6.7201166180758,210.779783393502
6.73469387755102,211.364620938628
6.74927113702624,211.231046931408
6.76384839650146,211.375451263538
6.77842565597668,211.483754512635
6.7930029154519,211.357400722022
6.80758017492711,211.682310469314
6.82215743440233,211.545126353791
6.83673469387755,211.750902527076
6.85131195335277,211.602888086643
6.86588921282799,211.70036101083
6.88046647230321,211.689530685921
6.89504373177843,211.545126353791
6.90962099125364,211.862815884477
6.92419825072886,211.779783393502
6.93877551020408,212.057761732852
6.9533527696793,212.097472924188
6.96793002915452,211.794223826715
6.98250728862974,211.916967509025
6.99708454810496,212.003610108303
7.01166180758018,212.021660649819
7.02623906705539,212.234657039711
7.04081632653061,211.72202166065
7.05539358600583,211.779783393502
7.06997084548105,212.13357400722
7.08454810495627,212.314079422383
7.09912536443149,212.545126353791
7.11370262390671,212.342960288809
7.12827988338193,212.664259927798
7.14285714285714,212.963898916968
7.15743440233236,212.967509025271
7.17201166180758,213.129963898917
7.1865889212828,213.021660649819
7.20116618075802,213.057761732852
7.21574344023324,213.209386281588
7.23032069970846,212.830324909747
7.24489795918367,212.714801444043
7.25947521865889,212.429602888087
7.27405247813411,212.01083032491
7.28862973760933,211.949458483755
7.30320699708455,211.061371841155
7.31778425655977,210.873646209386
7.33236151603499,210.631768953069
7.34693877551021,210.198555956679
7.36151603498542,210.068592057762
7.37609329446064,209.548736462094
7.39067055393586,209.361010830325
7.40524781341108,209.328519855596
7.4198250728863,209.079422382671
7.43440233236152,208.913357400722
7.44897959183674,208.527075812274
7.46355685131195,208.480144404332
7.47813411078717,208.41155234657
7.49271137026239,208.29963898917
7.50728862973761,208.036101083032
7.52186588921283,208.137184115523
7.53644314868805,208.29963898917
7.55102040816327,208.415162454874
7.56559766763848,208.595667870036
7.5801749271137,208.454873646209
7.59475218658892,208.404332129964
7.60932944606414,208.552346570397
7.62390670553936,208.743682310469
7.63848396501458,208.73285198556
7.6530612244898,208.519855595668
7.66763848396501,208.148014440433
7.68221574344023,207.992779783394
7.69679300291545,207.859205776173
7.71137026239067,208.129963898917
7.72594752186589,207.72202166065
7.74052478134111,207.335740072202
7.75510204081633,207.41155234657
7.76967930029155,207.425992779783
7.78425655976676,207.797833935018
7.79883381924198,208.241877256318
7.8134110787172,208.191335740072
7.82798833819242,208.761732851986
7.84256559766764,208.570397111913
7.85714285714286,208.620938628159
7.87172011661808,208.772563176895
7.8862973760933,208.570397111913
7.90087463556851,208.801444043321
7.91545189504373,208.787003610108
7.93002915451895,208.671480144404
7.94460641399417,208.797833935018
7.95918367346939,208.931407942238
7.97376093294461,209.740072202166
7.98833819241983,210.169675090253
8.00291545189504,210.505415162455
8.01749271137026,210.956678700361
8.03206997084548,211.158844765343
8.0466472303207,211.797833935018
8.06122448979592,212.205776173285
8.07580174927114,212.357400722022
8.09037900874636,212.552346570397
8.10495626822157,212.111913357401
8.11953352769679,212.281588447653
8.13411078717201,212.209386281588
8.14868804664723,212.602888086643
8.16326530612245,212.693140794224
8.17784256559767,212.415162454874
8.19241982507289,212.628158844765
8.2069970845481,212.476534296029
8.22157434402332,212.552346570397
8.23615160349854,212.689530685921
8.25072886297376,212.328519855596
8.26530612244898,212.241877256318
8.2798833819242,212.166064981949
8.29446064139942,211.823104693141
8.30903790087464,211.931407942238
8.32361516034985,211.794223826715
8.33819241982507,211.505415162455
8.35276967930029,211.768953068592
8.36734693877551,211.512635379061
8.38192419825073,211.371841155235
8.39650145772595,211.527075812274
8.41107871720117,211.537906137184
8.42565597667639,211.368231046931
8.4402332361516,211.73285198556
8.45481049562682,211.725631768953
8.46938775510204,211.963898916968
8.48396501457726,212.346570397112
8.49854227405248,212.202166064982
8.5131195335277,212.610108303249
8.52769679300292,212.617328519856
8.54227405247813,212.696750902527
8.55685131195335,213.15523465704
8.57142857142857,213.093862815884
8.58600583090379,213.328519855596
8.60058309037901,213.635379061372
8.61516034985423,213.530685920578
8.62973760932945,213.924187725632
8.64431486880467,213.693140794224
8.65889212827988,213.664259927798
8.6734693877551,213.85559566787
8.68804664723032,213.407942238267
8.70262390670554,213.635379061372
8.71720116618076,213.29963898917
8.73177842565598,213.12274368231
8.7463556851312,213.364620938628
8.76093294460641,212.949458483755
8.77551020408163,212.833935018051
8.79008746355685,212.584837545126
8.80466472303207,212.527075812274
8.81924198250729,212.382671480144
8.83381924198251,212.093862815884
8.84839650145773,211.870036101083
8.86297376093295,211.465703971119
8.87755102040816,211.108303249097
8.89212827988338,211.173285198556
8.9067055393586,210.617328519856
8.92128279883382,210.498194945848
8.93586005830904,210.505415162455
8.95043731778426,210.454873646209
8.96501457725948,210.974729241877
8.9795918367347,210.848375451264
8.99416909620991,211.256317689531
9.00874635568513,211.097472924188
9.02332361516035,211.086642599278
9.03790087463557,211.12274368231
9.05247813411079,211.357400722022
9.06705539358601,211.494584837545
9.08163265306123,211.357400722022
9.09620991253644,211.41155234657
9.11078717201166,211.537906137184
9.12536443148688,211.72202166065
9.1399416909621,211.350180505415
9.15451895043732,210.963898916968
9.16909620991254,210.678700361011
9.18367346938776,210.602888086643
9.19825072886298,210.505415162455
9.21282798833819,210.675090252708
9.22740524781341,210.429602888087
9.24198250728863,210.263537906137
9.25655976676385,210.56678700361
9.27113702623907,210.205776173285
9.28571428571429,210.270758122744
9.30029154518951,210.202166064982
9.31486880466472,210.007220216606
9.32944606413994,210.584837545126
9.34402332361516,210.613718411552
9.35860058309038,210.772563176895
9.3731778425656,211.115523465704
9.38775510204082,210.880866425993
9.40233236151604,211.101083032491
9.41690962099126,211.158844765343
9.43148688046647,210.891696750903
9.44606413994169,211.12274368231
9.46064139941691,210.87725631769
9.47521865889213,210.837545126354
9.48979591836735,210.841155234657
9.50437317784257,210.624548736462
9.51895043731779,210.238267148014
9.533527696793,210.018050541516
9.54810495626822,209.440433212996
9.56268221574344,208.985559566787
9.57725947521866,208.599277978339
9.59183673469388,207.953068592058
9.6064139941691,207.324909747292
9.62099125364432,206.761732851986
9.63556851311953,206.166064981949
9.65014577259475,205.530685920578
9.66472303206997,205.306859205776
9.67930029154519,204.227436823105
9.69387755102041,203.949458483755
9.70845481049563,203.472924187726
9.72303206997085,202.660649819495
9.73760932944606,202.454873646209
9.75218658892128,201.173285198556
9.7667638483965,200.375451263538
9.78134110787172,199.696750902527
9.79591836734694,198.574007220217
9.81049562682216,198.249097472924
9.82507288629738,197.653429602888
9.8396501457726,196.812274368231
9.85422740524781,197.469314079422
9.86880466472303,196.870036101083
9.88338192419825,197.274368231047
9.89795918367347,197.545126353791
9.91253644314869,197.126353790614
9.92711370262391,197.451263537906
9.94169096209913,197.148014440433
9.95626822157434,197.180505415162
9.97084548104956,197.379061371841
9.98542274052478,196.985559566787
10,196.516245487365
10.0145772594752,196.924187725632
10.0291545189504,196.375451263538
10.0437317784257,196.382671480144
10.0583090379009,195.84476534296
10.0728862973761,195.43321299639
10.0874635568513,195.310469314079
10.1020408163265,194.826714801444
10.1166180758017,194.281588447653
10.131195335277,194.173285198556
10.1457725947522,194.184115523466
10.1603498542274,193.357400722022
10.1749271137026,193.635379061372
10.1895043731778,192.613718411552
10.2040816326531,192.400722021661
10.2186588921283,192.205776173285
10.2332361516035,191.202166064982
10.2478134110787,191.436823104693
10.2623906705539,190.693140794224
10.2769679300292,190.685920577617
10.2915451895044,190.935018050542
10.3061224489796,191.01083032491
10.3206997084548,191.231046931408
10.33527696793,191.801444043321
10.3498542274052,191.851985559567
10.3644314868805,192.303249097473
10.3790087463557,192.985559566787
10.3935860058309,192.71119133574
10.4081632653061,193.314079422383
10.4227405247813,193.039711191336
10.4373177842566,192.736462093863
10.4518950437318,193.205776173285
10.466472303207,192.418772563177
10.4810495626822,192.259927797834
10.4956268221574,192.057761732852
10.5102040816327,191.216606498195
10.5247813411079,191.617328519856
10.5393586005831,191.285198555957
10.5539358600583,190.779783393502
10.5685131195335,190.848375451264
10.5830903790087,190.29963898917
10.597667638484,190.379061371841
10.6122448979592,190.58844765343
10.6268221574344,190.140794223827
10.6413994169096,190.108303249097
10.6559766763848,190.115523465704
10.6705539358601,189.808664259928
10.6851311953353,190.671480144404
10.6997084548105,190.530685920578
10.7142857142857,190.462093862816
10.7288629737609,191.296028880866
10.7434402332362,190.664259927798
10.7580174927114,191.418772563177
10.7725947521866,191.71119133574
10.7871720116618,191.599277978339
10.801749271137,192.476534296029
10.8163265306122,192.119133574007
10.8309037900875,191.974729241877
10.8454810495627,192.664259927798
10.8600583090379,192.101083032491
10.8746355685131,192.285198555957
10.8892128279883,191.859205776173
10.9037900874636,190.790613718412
10.9183673469388,190.945848375451
10.932944606414,190.151624548736
10.9475218658892,189.725631768953
10.9620991253644,189.018050541516
10.9766763848397,188.032490974729
10.9912536443149,187.469314079422
11.0058309037901,187.227436823105
11.0204081632653,186.86642599278
11.0349854227405,186.140794223827
11.0495626822157,185.823104693141
11.064139941691,185.158844765343
11.0787172011662,185.357400722022
11.0932944606414,184.851985559567
11.1078717201166,184.465703971119
11.1224489795918,184.685920577617
11.1370262390671,184.090252707581
11.1516034985423,184.043321299639
11.1661807580175,183.84476534296
11.1807580174927,183.920577617329
11.1953352769679,183.628158844765
11.2099125364432,183.685920577617
11.2244897959184,183.151624548736
11.2390670553936,183.27797833935
11.2536443148688,183
11.268221574344,182.888086642599
11.2827988338192,183.249097472924
11.2973760932945,182.574007220217
11.3119533527697,182.776173285199
11.3265306122449,182.425992779783
11.3411078717201,182.743682310469
11.3556851311953,182.729241877256
11.3702623906706,182.714801444043
11.3848396501458,182.592057761733
11.399416909621,182.339350180505
11.4139941690962,182.274368231047
11.4285714285714,181.888086642599
11.4431486880466,181.71119133574
11.4577259475219,180.978339350181
11.4723032069971,180.436823104693
11.4868804664723,179.71119133574
11.5014577259475,179.469314079422
11.5160349854227,178.978339350181
11.530612244898,178.58844765343
11.5451895043732,178.205776173285
11.5597667638484,178.079422382671
11.5743440233236,178.321299638989
11.5889212827988,178.205776173285
11.6034985422741,178.469314079422
11.6180758017493,178.393501805054
11.6326530612245,178.862815884477
11.6472303206997,179.13357400722
11.6618075801749,179.115523465704
11.6763848396501,179.317689530686
11.6909620991254,179.075812274368
11.7055393586006,179.292418772563
11.7201166180758,179.653429602888
11.734693877551,179.819494584838
11.7492711370262,180.061371841155
11.7638483965015,180.137184115523
11.7784256559767,179.895306859206
11.7930029154519,180.064981949458
11.8075801749271,180.050541516245
11.8221574344023,179.599277978339
11.8367346938776,179.42238267148
11.8513119533528,178.87725631769
11.865889212828,179.176895306859
11.8804664723032,179.285198555957
11.8950437317784,179.104693140794
11.9096209912536,179.292418772563
11.9241982507289,179.350180505415
11.9387755102041,179.754512635379
11.9533527696793,179.606498194946
11.9679300291545,179.743682310469
11.9825072886297,179.465703971119
11.997084548105,179.747292418773
12.0116618075802,179.938628158845
12.0262390670554,180.046931407942
12.0408163265306,180.613718411552
12.0553935860058,180.675090252708
12.0699708454811,181.519855595668
12.0845481049563,181.725631768953
12.0991253644315,182.335740072202
12.1137026239067,182.57761732852
12.1282798833819,182.714801444043
12.1428571428571,183.036101083032
12.1574344023324,183.249097472924
12.1720116618076,183.895306859206
12.1865889212828,184.054151624549
12.201166180758,184.73285198556
12.2157434402332,185.812274368231
12.2303206997085,186.833935018051
12.2448979591837,187.664259927798
12.2594752186589,188.754512635379
12.2740524781341,189.620938628159
12.2886297376093,190.620938628159
12.3032069970845,191.028880866426
12.3177842565598,191.216606498195
12.332361516035,192.014440433213
12.3469387755102,191.985559566787
12.3615160349854,192.306859205776
12.3760932944606,192.725631768953
12.3906705539359,192.87725631769
12.4052478134111,193.671480144404
12.4198250728863,194.194945848375
12.4344023323615,194.638989169675
12.4489795918367,195.317689530686
12.463556851312,195.259927797834
12.4781341107872,195.292418772563
12.4927113702624,195.794223826715
12.5072886297376,195.675090252708
12.5218658892128,195.971119133574
12.536443148688,195.960288808664
12.5510204081633,195.523465703971
12.5655976676385,195.620938628159
12.5801749271137,195.657039711191
12.5947521865889,195.27797833935
12.6093294460641,194.924187725632
12.6239067055394,194.29963898917
12.6384839650146,193.685920577617
12.6530612244898,193.703971119134
12.667638483965,193.025270758123
12.6822157434402,192.765342960289
12.6967930029155,192.71119133574
12.7113702623907,192.216606498195
12.7259475218659,192.530685920578
12.7405247813411,192.436823104693
12.7551020408163,191.98916967509
12.7696793002915,191.974729241877
12.7842565597668,191.462093862816
12.798833819242,191.281588447653
12.8134110787172,191.436823104693
12.8279883381924,191.079422382671
12.8425655976676,190.920577617329
12.8571428571429,190.823104693141
12.8717201166181,190.638989169675
12.8862973760933,190.696750902527
12.9008746355685,190.736462093863
12.9154518950437,190.610108303249
12.930029154519,190.880866425993
12.9446064139942,191.111913357401
12.9591836734694,191.498194945848
12.9737609329446,191.963898916968
12.9883381924198,192.440433212996
13.002915451895,192.935018050542
13.0174927113703,193.505415162455
13.0320699708455,193.895306859206
13.0466472303207,194.021660649819
13.0612244897959,194.379061371841
13.0758017492711,194.151624548736
13.0903790087464,194
13.1049562682216,194.162454873646
13.1195335276968,193.259927797834
13.134110787172,193.447653429603
13.1486880466472,192.963898916968
13.1632653061225,192.837545126354
13.1778425655977,193.252707581227
13.1924198250729,192.729241877256
13.2069970845481,193
13.2215743440233,192.913357400722
13.2361516034985,192.56678700361
13.2507288629738,192.498194945848
13.265306122449,191.884476534296
13.2798833819242,191.498194945848
13.2944606413994,191.043321299639
13.3090379008746,190.180505415162
13.3236151603499,189.646209386282
13.3381924198251,189.086642599278
13.3527696793003,188.350180505415
13.3673469387755,188.148014440433
13.3819241982507,187.324909747292
13.3965014577259,187.097472924188
13.4110787172012,186.509025270758
13.4256559766764,185.945848375451
13.4402332361516,185.685920577617
13.4548104956268,185.191335740072
13.469387755102,185.104693140794
13.4839650145773,184.613718411552
13.4985422740525,184.552346570397
13.5131195335277,184.5559566787
13.5276967930029,184.761732851986
13.5422740524781,185.187725631769
13.5568513119534,185.346570397112
13.5714285714286,186.057761732852
13.5860058309038,186.729241877256
13.600583090379,187.476534296029
13.6151603498542,188.523465703971
13.6297376093294,189.158844765343
13.6443148688047,190.29963898917
13.6588921282799,191.039711191336
13.6734693877551,191.328519855596
13.6880466472303,192.252707581227
13.7026239067055,192.617328519856
13.7172011661808,192.812274368231
13.731778425656,193.054151624549
13.7463556851312,192.620938628159
13.7609329446064,192.685920577617
13.7755102040816,192.765342960289
13.7900874635569,192.368231046931
13.8046647230321,192.231046931408
13.8192419825073,191.815884476534
13.8338192419825,191.407942238267
13.8483965014577,191.599277978339
13.8629737609329,191.41155234657
13.8775510204082,191.606498194946
13.8921282798834,192.404332129964
13.9067055393586,192.58844765343
13.9212827988338,193.310469314079
13.935860058309,193.71119133574
13.9504373177843,193.848375451264
13.9650145772595,194.310469314079
13.9795918367347,193.837545126354
13.9941690962099,193.924187725632
14.0087463556851,193.660649819495
14.0233236151604,193.079422382671
14.0379008746356,192.996389891697
14.0524781341108,192.249097472924
14.067055393586,191.678700361011
14.0816326530612,191.162454873646
14.0962099125364,190.339350180505
14.1107871720117,189.592057761733
14.1253644314869,188.458483754513
14.1399416909621,187.400722021661
14.1545189504373,186.667870036101
14.1690962099125,185.963898916968
14.1836734693878,185.498194945848
14.198250728863,185.061371841155
14.2128279883382,185.245487364621
14.2274052478134,185.41155234657
14.2419825072886,185.996389891697
14.2565597667639,187.003610108303
14.2711370262391,187.653429602888
14.2857142857143,189.151624548736
14.3002915451895,190.371841155235
14.3148688046647,191.725631768953
14.3294460641399,193.176895306859
14.3440233236152,193.58844765343
14.3586005830904,194.595667870036
14.3731778425656,195.104693140794
14.3877551020408,195.440433212996
14.402332361516,195.613718411552
14.4169096209913,194.729241877256
14.4314868804665,194.357400722022
14.4460641399417,193.447653429603
14.4606413994169,192.317689530686
14.4752186588921,191.328519855596
14.4897959183673,190.350180505415
14.5043731778426,189.620938628159
14.5189504373178,189.397111913357
14.533527696793,188.87725631769
14.5481049562682,189.021660649819
14.5626822157434,189.559566787004
14.5772594752187,189.812274368231
14.5918367346939,190.85559566787
14.6064139941691,191.368231046931
14.6209912536443,191.956678700361
14.6355685131195,192.920577617329
14.6501457725948,193.978339350181
14.66472303207,195.27797833935
14.6793002915452,196.29963898917
14.6938775510204,197.039711191336
14.7084548104956,197.768953068592
14.7230320699708,198.241877256318
14.7376093294461,198.523465703971
14.7521865889213,198.703971119134
14.7667638483965,198.194945848375
14.7813411078717,197.754512635379
14.7959183673469,197.043321299639
14.8104956268222,196.115523465704
14.8250728862974,195.198555956679
14.8396501457726,194.324909747292
14.8542274052478,193.487364620939
14.868804664723,193.162454873646
14.8833819241983,193.129963898917
14.8979591836735,193.115523465704
14.9125364431487,193.29963898917
14.9271137026239,193.263537906137
14.9416909620991,193.620938628159
14.9562682215743,193.895306859206
14.9708454810496,193.768953068592
14.9854227405248,193.953068592058
15,193.606498194946
15.0145772594752,193.902527075812
15.0291545189504,193.823104693141
15.0437317784257,193.667870036101
15.0583090379009,193.671480144404
15.0728862973761,193.223826714801
15.0874635568513,192.808664259928
15.1020408163265,192.104693140794
15.1166180758017,191.328519855596
15.131195335277,190.823104693141
15.1457725947522,190.083032490975
15.1603498542274,189.180505415162
15.1749271137026,188.678700361011
15.1895043731778,187.794223826715
15.2040816326531,187.263537906137
15.2186588921283,186.942238267148
15.2332361516035,186.85559566787
15.2478134110787,187.018050541516
15.2623906705539,186.808664259928
15.2769679300292,187.259927797834
15.2915451895044,187.891696750903
15.3061224489796,188.610108303249
15.3206997084548,188.826714801444
15.33527696793,188.823104693141
15.3498542274052,189.285198555957
15.3644314868805,189.469314079422
15.3790087463557,189.768953068592
15.3935860058309,190.072202166065
15.4081632653061,190.667870036101
15.4227405247813,191.389891696751
15.4373177842566,192.104693140794
15.4518950437318,192.56678700361
15.466472303207,193.386281588448
15.4810495626822,193.606498194946
15.4956268221574,193.981949458484
15.5102040816327,194.382671480144
15.5247813411079,193.754512635379
15.5393586005831,193.5559566787
15.5539358600583,192.779783393502
15.5685131195335,191.819494584838
15.5830903790087,191.379061371841
15.597667638484,190.13357400722
15.6122448979592,189.220216606498
15.6268221574344,188.617328519856
15.6413994169096,187.888086642599
15.6559766763848,187.447653429603
15.6705539358601,187.075812274368
15.6851311953353,186.942238267148
15.6997084548105,187.180505415162
15.7142857142857,187.332129963899
15.7288629737609,187.758122743682
15.7434402332362,188.425992779783
15.7580174927114,188.73285198556
15.7725947521866,189.545126353791
15.7871720116618,190.093862815884
15.801749271137,190.487364620939
15.8163265306122,190.736462093863
15.8309037900875,190.924187725632
15.8454810495627,191.425992779783
15.8600583090379,191.906137184116
15.8746355685131,192.393501805054
15.8892128279883,193.025270758123
15.9037900874636,193.72202166065
15.9183673469388,194.093862815884
15.932944606414,194.537906137184
15.9475218658892,194.523465703971
15.9620991253644,194.787003610108
15.9766763848397,194.281588447653
15.9912536443149,193.498194945848
16.0058309037901,193.090252707581
16.0204081632653,191.960288808664
16.0349854227405,191.386281588448
16.0495626822157,190.498194945848
16.064139941691,189.805054151625
16.0787172011662,189.815884476534
16.0932944606414,189.429602888087
16.1078717201166,189.830324909747
16.1224489795918,189.960288808664
16.1370262390671,190.151624548736
16.1516034985423,190.480144404332
16.1661807580175,190.794223826715
16.1807580174927,191.382671480144
16.1953352769679,191.841155234657
16.2099125364431,192.335740072202
16.2244897959184,192.671480144404
16.2390670553936,193.184115523466
16.2536443148688,193.465703971119
16.268221574344,193.642599277978
16.2827988338192,193.848375451264
16.2973760932945,193.931407942238
16.3119533527697,194.252707581227
16.3265306122449,194.393501805054
16.3411078717201,194.617328519856
16.3556851311953,194.931407942238
16.3702623906706,195.083032490975
16.3848396501458,194.985559566787
16.399416909621,194.823104693141
16.4139941690962,194.685920577617
16.4285714285714,194.638989169675
16.4431486880466,194.70036101083
16.4577259475219,194.707581227437
16.4723032069971,194.895306859206
16.4868804664723,194.98916967509
16.5014577259475,195.064981949458
16.5160349854227,195.436823104693
16.530612244898,195.628158844765
16.5451895043732,195.772563176895
16.5597667638484,195.841155234657
16.5743440233236,196.101083032491
16.5889212827988,196.151624548736
16.6034985422741,196.176895306859
16.6180758017493,195.945848375451
16.6326530612245,195.978339350181
16.6472303206997,195.902527075812
16.6618075801749,196.021660649819
16.6763848396501,196.021660649819
16.6909620991254,195.898916967509
16.7055393586006,195.996389891697
16.7201166180758,196.292418772563
16.734693877551,196.176895306859
16.7492711370262,196.097472924188
16.7638483965015,196
16.7784256559767,195.451263537906
16.7930029154519,195.184115523466
16.8075801749271,194.895306859206
16.8221574344023,194.115523465704
16.8367346938776,194.097472924188
16.8513119533528,193.259927797834
16.865889212828,193.046931407942
16.8804664723032,192.98916967509
16.8950437317784,192.671480144404
16.9096209912536,193.202166064982
16.9241982507289,192.942238267148
16.9387755102041,193.447653429603
16.9533527696793,193.750902527076
16.9679300291545,194.003610108303
16.9825072886297,194.512635379061
16.997084548105,194.657039711191
17.0116618075802,194.772563176895
17.0262390670554,194.985559566787
17.0408163265306,194.87725631769
17.0553935860058,195.187725631769
17.0699708454811,195.703971119134
17.0845481049563,195.682310469314
17.0991253644315,196.472924187726
17.1137026239067,196.527075812274
17.1282798833819,196.552346570397
17.1428571428571,196.718411552347
17.1574344023324,196.140794223827
17.1720116618076,196.187725631769
17.1865889212828,195.523465703971
17.201166180758,194.902527075812
17.2157434402332,194.884476534296
17.2303206997085,194.104693140794
17.2448979591837,193.971119133574
17.2594752186589,193.545126353791
17.2740524781341,192.924187725632
17.2886297376093,192.949458483755
17.3032069970846,192.476534296029
17.3177842565598,192.129963898917
17.332361516035,192.209386281588
17.3469387755102,191.436823104693
17.3615160349854,191.28880866426
17.3760932944606,190.938628158845
17.3906705539359,190.274368231047
17.4052478134111,190.129963898917
17.4198250728863,189.259927797834
17.4344023323615,188.891696750903
17.4489795918367,188.227436823105
17.463556851312,187.783393501805
17.4781341107872,187.649819494585
17.4927113702624,186.888086642599
17.5072886297376,186.613718411552
17.5218658892128,186.425992779783
17.536443148688,186.158844765343
17.5510204081633,186.270758122744
17.5655976676385,186.310469314079
17.5801749271137,186.386281588448
17.5947521865889,186.41155234657
17.6093294460641,186.061371841155
17.6239067055394,186.187725631769
17.6384839650146,185.830324909747
17.6530612244898,185.628158844765
17.667638483965,185.350180505415
17.6822157434402,184.602888086643
17.6967930029155,184.252707581227
17.7113702623907,183.768953068592
17.7259475218659,183.541516245487
17.7405247813411,183.303249097473
17.7551020408163,183.014440433213
17.7696793002915,183.187725631769
17.7842565597668,183.584837545126
17.798833819242,183.978339350181
17.8134110787172,184.592057761733
17.8279883381924,184.98916967509
17.8425655976676,185.776173285199
17.8571428571429,186.693140794224
17.8717201166181,187.462093862816
17.8862973760933,188.552346570397
17.9008746355685,189.166064981949
17.9154518950437,189.833935018051
17.930029154519,190.537906137184
17.9446064139942,190.920577617329
17.9591836734694,191.018050541516
17.9737609329446,191.025270758123
17.9883381924198,191.111913357401
18.002915451895,190.823104693141
18.0174927113703,190.631768953069
18.0320699708455,190.104693140794
18.0466472303207,189.953068592058
18.0612244897959,189.85559566787
18.0758017492711,189.176895306859
18.0903790087464,188.552346570397
18.1049562682216,188.032490974729
18.1195335276968,187.653429602888
18.134110787172,187.530685920578
18.1486880466472,187.220216606498
18.1632653061225,186.761732851986
18.1778425655977,186.794223826715
18.1924198250729,186.263537906137
18.2069970845481,186.440433212996
18.2215743440233,186.472924187726
18.2361516034985,186.173285198556
18.2507288629738,186.657039711191
18.265306122449,186.527075812274
18.2798833819242,187.166064981949
18.2944606413994,187.963898916968
18.3090379008746,188.097472924188
18.3236151603499,188.823104693141
18.3381924198251,188.996389891697
18.3527696793003,189.368231046931
18.3673469387755,190.018050541516
18.3819241982507,189.826714801444
18.396501457726,190.036101083032
18.4110787172012,190.075812274368
18.4256559766764,189.85559566787
18.4402332361516,190.166064981949
18.4548104956268,190.072202166065
18.469387755102,189.992779783394
18.4839650145773,190.238267148014
18.4985422740525,190.13357400722
18.5131195335277,190.418772563177
18.5276967930029,190.357400722022
18.5422740524781,190.292418772563
18.5568513119534,190.505415162455
18.5714285714286,190.252707581227
18.5860058309038,190.234657039711
18.600583090379,189.750902527076
18.6151603498542,189.346570397112
18.6297376093294,189.090252707581
18.6443148688047,188.862815884477
18.6588921282799,188.667870036101
18.6734693877551,188.425992779783
18.6880466472303,188.436823104693
18.7026239067055,188.707581227437
18.7172011661808,188.754512635379
18.731778425656,189.064981949458
18.7463556851312,189.194945848375
18.7609329446064,188.913357400722
18.7755102040816,189.162454873646
18.7900874635569,189.12274368231
18.8046647230321,189.194945848375
18.8192419825073,189.01083032491
18.8338192419825,188.350180505415
18.8483965014577,188.56678700361
18.8629737609329,187.916967509025
18.8775510204082,187.787003610108
18.8921282798834,187.490974729242
18.9067055393586,186.963898916968
18.9212827988338,186.967509025271
18.935860058309,186.090252707581
18.9504373177843,185.891696750903
18.9650145772595,185.519855595668
18.9795918367347,185.194945848375
18.9941690962099,184.971119133574
19.0087463556851,184.425992779783
19.0233236151604,184.339350180505
19.0379008746356,184.599277978339
19.0524781341108,184.519855595668
19.067055393586,184.57761732852
19.0816326530612,184.862815884477
19.0962099125364,185.148014440433
19.1107871720117,185.613718411552
19.1253644314869,186.093862815884
19.1399416909621,186.451263537906
19.1545189504373,187.140794223827
19.1690962099125,187.537906137184
19.1836734693878,188.140794223827
19.198250728863,188.747292418773
19.2128279883382,188.992779783394
19.2274052478134,189.563176895307
19.2419825072886,189.703971119134
19.2565597667639,189.98916967509
19.2711370262391,190.126353790614
19.2857142857143,190.115523465704
19.3002915451895,190.41155234657
19.3148688046647,190.285198555957
19.3294460641399,190.682310469314
19.3440233236152,190.747292418773
19.3586005830904,190.880866425993
19.3731778425656,190.776173285199
19.3877551020408,190.570397111913
19.402332361516,190.534296028881
19.4169096209913,190.296028880866
19.4314868804665,190.375451263538
19.4460641399417,189.895306859206
19.4606413994169,189.552346570397
19.4752186588921,189.5559566787
19.4897959183673,189.339350180505
19.5043731778426,189.628158844765
19.5189504373178,189.263537906137
19.533527696793,189.180505415162
19.5481049562682,189.389891696751
19.5626822157434,189.602888086643
19.5772594752187,190.119133574007
19.5918367346939,190.26714801444
19.6064139941691,190.523465703971
19.6209912536443,191.003610108303
19.6355685131195,191.613718411552
19.6501457725948,192.061371841155
19.66472303207,192.725631768953
19.6793002915452,193.007220216606
19.6938775510204,193.56678700361
19.7084548104956,194.032490974729
19.7230320699708,194.093862815884
19.7376093294461,194.72202166065
19.7521865889213,194.729241877256
19.7667638483965,194.830324909747
19.7813411078717,195.111913357401
19.7959183673469,194.765342960289
19.8104956268222,194.73285198556
19.8250728862974,194.602888086643
19.8396501457726,194.187725631769
19.8542274052478,193.956678700361
19.868804664723,193.916967509025
19.8833819241983,193.462093862816
19.8979591836735,193.357400722022
19.9125364431487,192.902527075812
19.9271137026239,192.787003610108
19.9416909620991,193.216606498195
19.9562682215743,192.581227436823
19.9708454810496,192.606498194946
19.9854227405248,192.451263537906
20,192.458483754513
20.0145772594752,193.169675090253
20.0291545189504,192.859205776173
20.0437317784257,193.039711191336
20.0583090379009,193.202166064982
20.0728862973761,193.458483754513
20.0874635568513,194.15523465704
20.1020408163265,194.090252707581
20.1166180758018,194.151624548736
20.131195335277,194.418772563177
20.1457725947522,194.314079422383
20.1603498542274,194.797833935018
20.1749271137026,194.747292418773
20.1895043731778,194.696750902527
20.2040816326531,195.007220216606
20.2186588921283,194.906137184116
20.2332361516035,195.498194945848
20.2478134110787,195.429602888087
20.2623906705539,195.353790613718
20.2769679300292,195.545126353791
20.2915451895044,195.039711191336
20.3061224489796,195.018050541516
20.3206997084548,194.642599277978
20.33527696793,194.223826714801
20.3498542274052,194.104693140794
20.3644314868805,193.429602888087
20.3790087463557,192.956678700361
20.3935860058309,192.682310469314
20.4081632653061,192.285198555957
20.4227405247813,191.873646209386
20.4373177842566,191.15523465704
20.4518950437318,190.981949458484
20.466472303207,191.296028880866
20.4810495626822,191.256317689531
20.4956268221574,191.368231046931
20.5102040816327,191.58844765343
20.5247813411079,191.851985559567
20.5393586005831,192.617328519856
20.5539358600583,193.371841155235
20.5685131195335,193.920577617329
20.5830903790087,194.126353790614
20.597667638484,194.256317689531
20.6122448979592,194.682310469314
20.6268221574344,194.754512635379
20.6413994169096,194.317689530686
20.6559766763848,193.873646209386
20.6705539358601,193.353790613718
20.6851311953353,192.942238267148
