"Date: 11/19/2019 11:07:09 AM"
0
#TRUE#,#FALSE#,#FALSE#
#TRUE#
76.4,76.2,76.3999969679297
"E:\Scan 2\Coral_2_1_6_DLAB10.bmp"
""
124,601,1668,595,1667,319,123,325
1545
0,193.407942238267
1.30890057550626E-02,193.097472924188
2.61780115101253E-02,192.620938628159
3.92670172651879E-02,192.104693140794
5.23560230202506E-02,191.393501805054
6.54450287753132E-02,190.906137184116
7.85340345303759E-02,190.26714801444
9.16230402854385E-02,189.642599277978
.104712046040501,189.187725631769
.117801051795564,188.949458483755
.130890057550626,188.826714801444
.143979063305689,188.754512635379
.157068069060752,188.84476534296
.170157074815814,189.129963898917
.183246080570877,189.534296028881
.19633508632594,190.043321299639
.209424092081002,190.552346570397
.222513097836065,191.01083032491
.235602103591128,191.4440433213
.24869110934619,191.794223826715
.261780115101253,192.039711191336
.274869120856316,192.180505415162
.287958126611378,192.26714801444
.301047132366441,192.353790613718
.314136138121504,192.324909747292
.327225143876566,192.234657039711
.340314149631629,192.018050541516
.353403155386691,191.841155234657
.366492161141754,191.72202166065
.379581166896817,191.447653429603
.392670172651879,191.339350180505
.405759178406942,191.270758122744
.418848184162005,191.252707581227
.431937189917067,191.263537906137
.44502619567213,191.382671480144
.458115201427193,191.667870036101
.471204207182255,191.714801444043
.484293212937318,191.945848375451
.497382218692381,191.953068592058
.510471224447443,191.956678700361
.523560230202506,191.736462093863
.536649235957569,191.364620938628
.549738241712631,190.974729241877
.562827247467694,190.462093862816
.575916253222756,190.014440433213
.589005258977819,189.638989169675
.602094264732882,189.28880866426
.615183270487944,189.057761732852
.628272276243007,189.014440433213
.64136128199807,189.129963898917
.654450287753132,189.26714801444
.667539293508195,189.4440433213
.680628299263258,189.682310469314
.69371730501832,189.916967509025
.706806310773383,190.162454873646
.719895316528446,190.364620938628
.732984322283508,190.505415162455
.746073328038571,190.617328519856
.759162333793634,190.649819494585
.772251339548696,190.599277978339
.785340345303759,190.328519855596
.798429351058822,190.111913357401
.811518356813884,189.830324909747
.824607362568947,189.350180505415
.837696368324009,188.942238267148
.850785374079072,188.675090252708
.863874379834135,188.541516245487
.876963385589197,188.599277978339
.89005239134426,188.73285198556
.903141397099323,189.158844765343
.916230402854385,189.610108303249
.929319408609448,190.176895306859
.942408414364511,190.747292418773
.955497420119573,191.223826714801
.968586425874636,191.72202166065
.981675431629699,192.13357400722
.994764437384761,192.56678700361
1.00785344313982,192.812274368231
1.02094244889489,192.935018050542
1.03403145464995,192.967509025271
1.04712046040501,192.747292418773
1.06020946616007,192.371841155235
1.07329847191514,191.880866425993
1.0863874776702,191.490974729242
1.09947648342526,190.841155234657
1.11256548918032,190.375451263538
1.12565449493539,189.862815884477
1.13874350069045,189.404332129964
1.15183250644551,188.953068592058
1.16492151220058,188.530685920578
1.17801051795564,188.137184115523
1.1910995237107,187.830324909747
1.20418852946576,187.703971119134
1.21727753522083,187.469314079422
1.23036654097589,187.4440433213
1.24345554673095,187.472924187726
1.25654455248601,187.563176895307
1.26963355824108,187.628158844765
1.28272256399614,187.664259927798
1.2958115697512,187.675090252708
1.30890057550626,187.519855595668
1.32198958126133,187.454873646209
1.33507858701639,187.386281588448
1.34816759277145,187.371841155235
1.36125659852652,187.42238267148
1.37434560428158,187.454873646209
1.38743461003664,187.570397111913
1.4005236157917,187.675090252708
1.41361262154677,187.924187725632
1.42670162730183,188.140794223827
1.43979063305689,188.505415162455
1.45287963881195,188.931407942238
1.46596864456702,189.512635379061
1.47905765032208,190.220216606498
1.49214665607714,191.043321299639
1.5052356618322,191.967509025271
1.51832466758727,192.772563176895
1.53141367334233,193.447653429603
1.54450267909739,193.884476534296
1.55759168485245,194.29963898917
1.57068069060752,194.505415162455
1.58376969636258,194.584837545126
1.59685870211764,194.523465703971
1.60994770787271,194.41155234657
1.62303671362777,194.180505415162
1.63612571938283,193.916967509025
1.64921472513789,193.516245487365
1.66230373089296,193.032490974729
1.67539273664802,192.483754512635
1.68848174240308,191.895306859206
1.70157074815814,191.249097472924
1.71465975391321,190.725631768953
1.72774875966827,190.371841155235
1.74083776542333,190.184115523466
1.75392677117839,190.039711191336
1.76701577693346,190
1.78010478268852,189.971119133574
1.79319378844358,189.953068592058
1.80628279419865,189.783393501805
1.81937179995371,189.559566787004
1.83246080570877,189.202166064982
1.84554981146383,188.992779783394
1.8586388172189,188.657039711191
1.87172782297396,188.537906137184
1.88481682872902,188.472924187726
1.89790583448408,188.490974729242
1.91099484023915,188.584837545126
1.92408384599421,188.628158844765
1.93717285174927,188.848375451264
1.95026185750433,188.960288808664
1.9633508632594,189.205776173285
1.97643986901446,189.429602888087
1.98952887476952,189.689530685921
2.00261788052459,190.086642599278
2.01570688627965,190.58844765343
2.02879589203471,190.978339350181
2.04188489778977,191.184115523466
2.05497390354484,191.353790613718
2.0680629092999,191.393501805054
2.08115191505496,191.158844765343
2.09424092081002,190.718411552347
2.10732992656509,190.296028880866
2.12041893232015,189.689530685921
2.13350793807521,189.119133574007
2.14659694383027,188.5559566787
2.15968594958534,188.169675090253
2.1727749553404,187.87725631769
2.18586396109546,187.740072202166
2.19895296685052,187.84476534296
2.21204197260559,188.086642599278
2.22513097836065,188.512635379061
2.23821998411571,189.021660649819
2.25130898987078,189.736462093863
2.26439799562584,190.451263537906
2.2774870013809,191.306859205776
2.29057600713596,192.234657039711
2.30366501289103,193.018050541516
2.31675401864609,193.797833935018
2.32984302440115,194.451263537906
2.34293203015621,194.913357400722
2.35602103591128,194.963898916968
2.36911004166634,195.021660649819
2.3821990474214,194.86642599278
2.39528805317646,194.581227436823
2.40837705893153,194.191335740072
2.42146606468659,193.826714801444
2.43455507044165,193.465703971119
2.44764407619672,193.104693140794
2.46073308195178,192.945848375451
2.47382208770684,192.689530685921
2.4869110934619,192.667870036101
2.50000009921697,192.646209386282
2.51308910497203,192.736462093863
2.52617811072709,192.938628158845
2.53926711648215,193.108303249097
2.55235612223722,193.357400722022
2.56544512799228,193.397111913357
2.57853413374734,193.559566787004
2.5916231395024,193.465703971119
2.60471214525747,193.281588447653
2.61780115101253,193.057761732852
2.63089015676759,192.87725631769
2.64397916252265,192.689530685921
2.65706816827772,192.505415162455
2.67015717403278,192.342960288809
2.68324617978784,192.317689530686
2.69633518554291,192.231046931408
2.70942419129797,192.115523465704
2.72251319705303,191.924187725632
2.73560220280809,191.72202166065
2.74869120856316,191.505415162455
2.76178021431822,191.314079422383
2.77486922007328,191.119133574007
2.78795822582834,191.140794223827
2.80104723158341,191.115523465704
2.81413623733847,191.296028880866
2.82722524309353,191.494584837545
2.84031424884859,191.534296028881
2.85340325460366,191.350180505415
2.86649226035872,191.101083032491
2.87958126611378,190.664259927798
2.89267027186885,190.187725631769
2.90575927762391,189.610108303249
2.91884828337897,188.963898916968
2.93193728913403,188.4440433213
2.9450262948891,188.039711191336
2.95811530064416,187.537906137184
2.97120430639922,187.119133574007
2.98429331215428,186.675090252708
2.99738231790935,186.281588447653
3.01047132366441,185.927797833935
3.02356032941947,185.501805054152
3.03664933517453,185.212996389892
3.0497383409296,185.108303249097
3.06282734668466,185.148014440433
3.07591635243972,185.173285198556
3.08900535819478,185.314079422383
3.10209436394985,185.317689530686
3.11518336970491,185.303249097473
3.12827237545997,185.104693140794
3.14136138121504,184.86642599278
3.1544503869701,184.534296028881
3.16753939272516,184.148014440433
3.18062839848022,183.862815884477
3.19371740423529,183.581227436823
3.20680640999035,183.270758122744
3.21989541574541,182.985559566787
3.23298442150047,182.714801444043
3.24607342725554,182.523465703971
3.2591624330106,182.389891696751
3.27225143876566,182.375451263538
3.28534044452072,182.465703971119
3.29842945027579,182.667870036101
3.31151845603085,183.046931407942
3.32460746178591,183.404332129964
3.33769646754098,183.790613718412
3.35078547329604,184.15523465704
3.3638744790511,184.310469314079
3.37696348480616,184.389891696751
3.39005249056123,184.454873646209
3.40314149631629,184.541516245487
3.41623050207135,184.541516245487
3.42931950782641,184.498194945848
3.44240851358148,184.559566787004
3.45549751933654,184.628158844765
3.4685865250916,184.660649819495
3.48167553084666,184.592057761733
3.49476453660173,184.613718411552
3.50785354235679,184.642599277978
3.52094254811185,184.920577617329
3.53403155386691,185.198555956679
3.54712055962198,185.660649819495
3.56020956537704,186.12274368231
3.5732985711321,186.599277978339
3.58638757688717,186.98916967509
3.59947658264223,187.187725631769
3.61256558839729,187.332129963899
3.62565459415235,187.368231046931
3.63874359990742,187.393501805054
3.65183260566248,187.42238267148
3.66492161141754,187.469314079422
3.6780106171726,187.617328519856
3.69109962292767,187.664259927798
3.70418862868273,187.657039711191
3.71727763443779,187.58844765343
3.73036664019285,187.256317689531
3.74345564594792,186.888086642599
3.75654465170298,186.274368231047
3.76963365745804,185.689530685921
3.78272266321311,185.176895306859
3.79581166896817,184.718411552347
3.80890067472323,184.350180505415
3.82198968047829,184.072202166065
3.83507868623336,183.823104693141
3.84816769198842,183.736462093863
3.86125669774348,183.653429602888
3.87434570349854,183.509025270758
3.88743470925361,183.56678700361
3.90052371500867,183.664259927798
3.91361272076373,183.758122743682
3.92670172651879,183.833935018051
3.93979073227386,184.050541516245
3.95287973802892,184.27797833935
3.96596874378398,184.368231046931
3.97905774953904,184.425992779783
3.99214675529411,184.400722021661
4.00523576104917,184.386281588448
4.01832476680423,184.407942238267
4.0314137725593,184.4440433213
4.04450277831436,184.516245487365
4.05759178406942,184.693140794224
4.07068078982448,184.895306859206
4.08376979557955,185.079422382671
4.09685880133461,185.115523465704
4.10994780708967,185.187725631769
4.12303681284473,185.234657039711
4.1361258185998,185.205776173285
4.14921482435486,185.148014440433
4.16230383010992,185.032490974729
4.17539283586498,184.909747292419
4.18848184162005,184.776173285199
4.20157084737511,184.545126353791
4.21465985313017,184.176895306859
4.22774885888524,183.765342960289
4.2408378646403,183.418772563177
4.25392687039536,182.931407942238
4.26701587615042,182.624548736462
4.28010488190549,182.223826714801
4.29319388766055,181.801444043321
4.30628289341561,181.559566787004
4.31937189917067,181.227436823105
4.33246090492574,180.938628158845
4.3455499106808,180.682310469314
4.35863891643586,180.256317689531
4.37172792219092,179.949458483755
4.38481692794599,179.606498194946
4.39790593370105,179.249097472924
4.41099493945611,178.808664259928
4.42408394521117,178.335740072202
4.43717295096624,177.927797833935
4.4502619567213,177.476534296029
4.46335096247636,177.158844765343
4.47643996823142,176.714801444043
4.48952897398649,176.216606498195
4.50261797974155,175.862815884477
4.51570698549661,175.465703971119
4.52879599125168,175.018050541516
4.54188499700674,174.483754512635
4.5549740027618,174.097472924188
4.56806300851686,173.58844765343
4.58115201427193,173.166064981949
4.59424102002699,172.682310469314
4.60733002578205,172.245487364621
4.62041903153711,171.848375451264
4.63350803729218,171.462093862816
4.64659704304724,171.050541516245
4.6596860488023,170.71119133574
4.67277505455736,170.339350180505
4.68586406031243,170.158844765343
4.69895306606749,169.963898916968
4.71204207182255,169.949458483755
4.72513107757762,170.090252707581
4.73822008333268,170.285198555957
4.75130908908774,170.581227436823
4.7643980948428,170.985559566787
4.77748710059787,171.407942238267
4.79057610635293,171.819494584838
4.80366511210799,172.234657039711
4.81675411786305,172.610108303249
4.82984312361812,172.974729241877
4.84293212937318,173.41155234657
4.85602113512824,173.740072202166
4.86911014088331,173.909747292419
4.88219914663837,174.140794223827
4.89528815239343,174.292418772563
4.90837715814849,174.382671480144
4.92146616390356,174.332129963899
4.93455516965862,174.263537906137
4.94764417541368,174.198555956679
4.96073318116874,174.119133574007
4.97382218692381,173.985559566787
4.98691119267887,173.830324909747
5.00000019843393,173.71119133574
5.01308920418899,173.498194945848
5.02617820994406,173.238267148014
5.03926721569912,172.884476534296
5.05235622145418,172.306859205776
5.06544522720924,171.960288808664
5.07853423296431,171.758122743682
5.09162323871937,171.649819494585
5.10471224447443,171.5559566787
5.11780125022949,171.638989169675
5.13089025598456,171.794223826715
5.14397926173962,171.906137184116
5.15706826749468,171.978339350181
5.17015727324975,172.097472924188
5.18324627900481,172.216606498195
5.19633528475987,172.382671480144
5.20942429051493,172.545126353791
5.22251329627,172.873646209386
5.23560230202506,173.126353790614
5.24869130778012,173.458483754513
5.26178031353518,173.761732851986
5.27486931929025,173.902527075812
5.28795832504531,173.963898916968
5.30104733080037,173.945848375451
5.31413633655543,173.967509025271
5.3272253423105,173.859205776173
5.34031434806556,173.794223826715
5.35340335382062,173.84476534296
5.36649235957568,173.805054151625
5.37958136533075,173.72202166065
5.39267037108581,173.646209386282
5.40575937684087,173.393501805054
5.41884838259594,173.198555956679
5.431937388351,172.985559566787
5.44502639410606,172.808664259928
5.45811539986112,172.638989169675
5.47120440561619,172.657039711191
5.48429341137125,172.707581227437
5.49738241712631,172.913357400722
5.51047142288137,173.191335740072
5.52356042863644,173.375451263538
5.5366494343915,173.509025270758
5.54973844014656,173.545126353791
5.56282744590163,173.574007220217
5.57591645165669,173.620938628159
5.58900545741175,173.693140794224
5.60209446316681,173.707581227437
5.61518346892188,173.931407942238
5.62827247467694,174.140794223827
5.641361480432,174.335740072202
5.65445048618706,174.703971119134
5.66753949194213,175.01083032491
5.68062849769719,175.303249097473
5.69371750345225,175.57761732852
5.70680650920731,175.707581227437
5.71989551496238,175.783393501805
5.73298452071744,175.707581227437
5.7460735264725,175.617328519856
5.75916253222757,175.332129963899
5.77225153798263,174.837545126354
5.78534054373769,174.238267148014
5.79842954949275,173.620938628159
5.81151855524782,172.981949458484
5.82460756100288,172.339350180505
5.83769656675794,171.880866425993
5.850785572513,171.353790613718
5.86387457826807,170.981949458484
5.87696358402313,170.707581227437
5.89005258977819,170.498194945848
5.90314159553325,170.310469314079
5.91623060128832,170.104693140794
5.92931960704338,169.86642599278
5.94240861279844,169.682310469314
5.9554976185535,169.552346570397
5.96858662430857,169.472924187726
5.98167563006363,169.415162454874
5.99476463581869,169.386281588448
6.00785364157375,169.476534296029
6.02094264732882,169.505415162455
6.03403165308388,169.490974729242
6.04712065883894,169.563176895307
6.06020966459401,169.613718411552
6.07329867034907,169.519855595668
6.08638767610413,169.458483754513
6.09947668185919,169.436823104693
6.11256568761426,169.371841155235
6.12565469336932,169.28880866426
6.13874369912438,169.231046931408
6.15183270487944,169.115523465704
6.16492171063451,168.913357400722
6.17801071638957,168.696750902527
6.19109972214463,168.483754512635
6.20418872789969,168.238267148014
6.21727773365476,168.093862815884
6.23036673940982,167.931407942238
6.24345574516488,167.783393501805
6.25654475091995,167.833935018051
6.26963375667501,167.967509025271
6.28272276243007,168.176895306859
6.29581176818513,168.400722021661
6.3089007739402,168.693140794224
6.32198977969526,168.898916967509
6.33507878545032,169.15523465704
6.34816779120538,169.335740072202
6.36125679696045,169.606498194946
6.37434580271551,169.891696750903
6.38743480847057,170.108303249097
6.40052381422563,170.41155234657
6.4136128199807,170.808664259928
6.42670182573576,171.158844765343
6.43979083149082,171.530685920578
6.45287983724589,171.851985559567
6.46596884300095,172.086642599278
6.47905784875601,172.26714801444
6.49214685451107,172.350180505415
6.50523586026614,172.357400722022
6.5183248660212,172.321299638989
6.53141387177626,172.227436823105
6.54450287753132,171.945848375451
6.55759188328639,171.743682310469
6.57068088904145,171.335740072202
6.58376989479651,170.935018050542
6.59685890055157,170.429602888087
6.60994790630664,169.772563176895
6.6230369120617,169.12274368231
6.63612591781676,168.584837545126
6.64921492357183,168.115523465704
6.66230392932689,167.86642599278
6.67539293508195,167.685920577617
6.68848194083701,167.693140794224
6.70157094659208,167.73285198556
6.71465995234714,167.884476534296
6.7277489581022,167.931407942238
6.74083796385726,167.920577617329
6.75392696961233,167.906137184116
6.76701597536739,167.703971119134
6.78010498112245,167.404332129964
6.79319398687751,166.909747292419
6.80628299263258,166.418772563177
6.81937199838764,165.87725631769
6.8324610041427,165.256317689531
6.84555000989776,164.714801444043
6.85863901565283,164.303249097473
6.87172802140789,163.945848375451
6.88481702716295,163.776173285199
6.89790603291801,163.747292418773
6.91099503867308,163.801444043321
6.92408404442814,164.032490974729
6.9371730501832,164.454873646209
6.95026205593827,164.671480144404
6.96335106169333,164.913357400722
6.97644006744839,165.180505415162
6.98952907320345,165.552346570397
7.00261807895852,165.884476534296
7.01570708471358,166.191335740072
7.02879609046864,166.57761732852
7.0418850962237,167.119133574007
7.05497410197877,167.754512635379
7.06806310773383,168.328519855596
7.08115211348889,168.805054151625
7.09424111924395,169.148014440433
7.10733012499902,169.375451263538
7.12041913075408,169.375451263538
7.13350813650914,169.187725631769
7.14659714226421,168.880866425993
7.15968614801927,168.628158844765
7.17277515377433,168.140794223827
7.18586415952939,167.71119133574
7.19895316528446,167.180505415162
7.21204217103952,166.610108303249
7.22513117679458,166.014440433213
7.23822018254964,165.43321299639
7.25130918830471,164.790613718412
7.26439819405977,164.303249097473
7.27748719981483,163.909747292419
7.29057620556989,163.545126353791
7.30366521132496,163.447653429603
7.31675421708002,163.361010830325
7.32984322283508,163.310469314079
7.34293222859015,163.375451263538
7.35602123434521,163.512635379061
7.36911024010027,163.584837545126
7.38219924585533,163.870036101083
7.3952882516104,164.162454873646
7.40837725736546,164.660649819495
7.42146626312052,165.184115523466
7.43455526887558,165.657039711191
7.44764427463065,166.151624548736
7.46073328038571,166.696750902527
7.47382228614077,167.104693140794
7.48691129189583,167.26714801444
7.5000002976509,167.501805054152
7.51308930340596,167.534296028881
7.52617830916102,167.490974729242
7.53926731491608,167.332129963899
7.55235632067115,167.119133574007
7.56544532642621,166.682310469314
7.57853433218127,166.191335740072
7.59162333793634,165.620938628159
7.6047123436914,164.981949458484
7.61780134944646,164.440433212996
7.63089035520152,163.931407942238
7.64397936095659,163.563176895307
7.65706836671165,163.324909747292
7.67015737246671,163.447653429603
7.68324637822177,163.646209386282
7.69633538397684,164.025270758123
7.7094243897319,164.371841155235
7.72251339548696,164.927797833935
7.73560240124202,165.407942238267
7.74869140699709,165.84476534296
7.76178041275215,166.259927797834
7.77486941850721,166.725631768953
7.78795842426227,167.097472924188
7.80104743001734,167.42238267148
7.8141364357724,167.73285198556
7.82722544152746,167.967509025271
7.84031444728253,168.054151624549
7.85340345303759,167.981949458484
7.86649245879265,167.776173285199
7.87958146454771,167.602888086643
7.89267047030278,167.454873646209
7.90575947605784,167.202166064982
7.9188484818129,167.169675090253
7.93193748756796,167.187725631769
7.94502649332303,167.29963898917
7.95811549907809,167.487364620939
7.97120450483315,167.72202166065
7.98429351058821,167.996389891697
7.99738251634328,168.209386281588
8.01047152209834,168.541516245487
8.0235605278534,168.783393501805
8.03664953360846,168.98916967509
8.04973853936353,169.285198555957
8.06282754511859,169.660649819495
8.07591655087365,169.963898916968
8.08900555662872,170.28880866426
8.10209456238378,170.534296028881
8.11518356813884,170.862815884477
8.1282725738939,171.115523465704
8.14136157964897,171.29963898917
8.15445058540403,171.516245487365
8.16753959115909,171.675090252708
8.18062859691415,171.754512635379
8.19371760266922,171.790613718412
8.20680660842428,171.794223826715
8.21989561417934,171.754512635379
8.2329846199344,171.707581227437
8.24607362568947,171.548736462094
8.25916263144453,171.397111913357
8.27225163719959,171.28880866426
8.28534064295466,171.220216606498
8.29842964870972,171.212996389892
8.31151865446478,171.223826714801
8.32460766021984,171.350180505415
8.33769666597491,171.56678700361
8.35078567172997,171.848375451264
8.36387467748503,172.15523465704
8.37696368324009,172.429602888087
8.39005268899516,172.736462093863
8.40314169475022,172.971119133574
8.41623070050528,173.231046931408
8.42931970626034,173.01083032491
8.44240871201541,173.025270758123
8.45549771777047,172.909747292419
8.46858672352553,172.693140794224
8.4816757292806,172.4440433213
8.49476473503566,172.212996389892
8.50785374079072,171.714801444043
8.52094274654578,171.194945848375
8.53403175230085,170.480144404332
8.54712075805591,169.87725631769
8.56020976381097,169.148014440433
8.57329876956603,168.462093862816
8.5863877753211,167.888086642599
8.59947678107616,167.501805054152
8.61256578683122,167.14440433213
8.62565479258628,166.870036101083
8.63874379834135,166.873646209386
8.65183280409641,166.851985559567
8.66492180985147,167.129963898917
8.67801081560654,167.386281588448
8.6910998213616,167.703971119134
8.70418882711666,168.194945848375
8.71727783287172,168.888086642599
8.73036683862679,169.660649819495
8.74345584438185,170.458483754513
8.75654485013691,171.093862815884
8.76963385589197,171.787003610108
8.78272286164704,172.303249097473
8.7958118674021,172.563176895307
8.80890087315716,172.599277978339
8.82198987891222,172.415162454874
8.83507888466729,172.212996389892
8.84816789042235,171.815884476534
8.86125689617741,171.454873646209
8.87434590193248,170.888086642599
8.88743490768754,170.382671480144
8.9005239134426,169.862815884477
8.91361291919766,169.15523465704
8.92670192495273,168.480144404332
8.93979093070779,167.913357400722
8.95287993646285,167.342960288809
8.96596894221791,166.938628158845
8.97905794797298,166.743682310469
8.99214695372804,166.584837545126
9.0052359594831,166.523465703971
9.01832496523816,166.57761732852
9.03141397099323,166.902527075812
9.04450297674829,167.057761732852
9.05759198250335,167.375451263538
9.07068098825842,167.758122743682
9.08376999401348,168.314079422383
9.09685899976854,168.830324909747
9.1099480055236,169.296028880866
9.12303701127867,169.826714801444
9.13612601703373,170.26714801444
9.14921502278879,170.631768953069
9.16230402854385,170.758122743682
9.17539303429892,171.025270758123
9.18848204005398,170.935018050542
9.20157104580904,170.945848375451
9.2146600515641,170.916967509025
9.22774905731917,170.765342960289
9.24083806307423,170.425992779783
9.25392706882929,170.187725631769
9.26701607458435,169.826714801444
9.28010508033942,169.487364620939
9.29319408609448,169.104693140794
9.30628309184954,168.624548736462
9.3193720976046,168.306859205776
9.33246110335967,168.184115523466
9.34555010911473,168.137184115523
9.35863911486979,168.025270758123
9.37172812062486,168.26714801444
9.38481712637992,168.407942238267
9.39790613213498,168.794223826715
9.41099513789004,169.180505415162
9.42408414364511,169.5559566787
9.43717314940017,170.028880866426
9.45026215515523,170.635379061372
9.46335116091029,171.176895306859
9.47644016666536,171.895306859206
9.48952917242042,172.613718411552
9.50261817817548,173.169675090253
9.51570718393054,173.801444043321
9.52879618968561,174.263537906137
9.54188519544067,174.649819494585
9.55497420119573,174.895306859206
9.56806320695079,175.162454873646
9.58115221270586,175.180505415162
9.59424121846092,175.389891696751
9.60733022421598,175.191335740072
9.62041922997104,175.072202166065
9.63350823572611,174.942238267148
9.64659724148117,174.675090252708
9.65968624723623,174.212996389892
9.6727752529913,173.772563176895
9.68586425874636,173.281588447653
9.69895326450142,172.815884476534
9.71204227025648,172.310469314079
9.72513127601155,171.913357400722
9.73822028176661,171.628158844765
9.75130928752167,171.314079422383
9.76439829327673,170.974729241877
9.7774872990318,170.599277978339
9.79057630478686,170.328519855596
9.80366531054192,170.025270758123
9.81675431629698,169.895306859206
9.82984332205205,169.859205776173
9.84293232780711,169.862815884477
9.85602133356217,170.148014440433
9.86911033931724,170.646209386282
9.8821993450723,171.126353790614
9.89528835082736,171.494584837545
9.90837735658242,172.101083032491
9.92146636233749,172.454873646209
9.93455536809255,172.71119133574
9.94764437384761,172.974729241877
9.96073337960267,173.097472924188
9.97382238535774,173.104693140794
9.9869113911128,173.223826714801
10.0000003968679,173.184115523466
10.0130894026229,173.361010830325
10.026178408378,173.29963898917
10.0392674141331,173.519855595668
10.0523564198881,173.638989169675
10.0654454256432,173.635379061372
10.0785344313982,173.613718411552
10.0916234371533,173.595667870036
10.1047124429084,173.43321299639
10.1178014486634,173.090252707581
10.1308904544185,172.725631768953
10.1439794601736,172.296028880866
10.1570684659286,171.815884476534
10.1701574716837,171.512635379061
10.1832464774387,171.314079422383
10.1963354831938,171.014440433213
10.2094244889489,170.985559566787
10.2225134947039,170.826714801444
10.235602500459,170.859205776173
10.2486915062141,170.682310469314
10.2617805119691,170.494584837545
10.2748695177242,170.27797833935
10.2879585234792,169.891696750903
10.3010475292343,169.534296028881
10.3141365349894,169
10.3272255407444,168.559566787004
10.3403145464995,167.960288808664
10.3534035522546,167.274368231047
10.3664925580096,166.57761732852
10.3795815637647,166.046931407942
10.3926705695197,165.462093862816
10.4057595752748,164.945848375451
10.4188485810299,164.559566787004
10.4319375867849,164.115523465704
10.44502659254,163.909747292419
10.4581155982951,163.649819494585
10.4712046040501,163.27797833935
10.4842936098052,162.935018050542
10.4973826155602,162.70036101083
10.5104716213153,162.335740072202
10.5235606270704,162.241877256318
10.5366496328254,162.198555956679
10.5497386385805,162.509025270758
10.5628276443356,162.783393501805
10.5759166500906,163.169675090253
10.5890056558457,163.638989169675
10.6020946616007,164.075812274368
10.6151836673558,164.57761732852
10.6282726731109,164.931407942238
10.6413616788659,165.570397111913
10.654450684621,165.963898916968
10.6675396903761,166.714801444043
10.6806286961311,167.375451263538
10.6937177018862,167.916967509025
10.7068067076412,168.342960288809
10.7198957133963,168.805054151625
10.7329847191514,168.938628158845
10.7460737249064,169.093862815884
10.7591627306615,168.981949458484
10.7722517364166,168.873646209386
10.7853407421716,168.675090252708
10.7984297479267,168.465703971119
10.8115187536817,168.064981949458
10.8246077594368,167.530685920578
10.8376967651919,167.184115523466
10.8507857709469,166.599277978339
10.863874776702,166.274368231047
10.8769637824571,165.909747292419
10.8900527882121,165.725631768953
10.9031417939672,165.740072202166
10.9162307997222,165.956678700361
10.9293198054773,166.064981949458
10.9424088112324,166.454873646209
10.9554978169874,166.736462093863
10.9685868227425,167.148014440433
10.9816758284976,167.368231046931
10.9947648342526,167.613718411552
11.0078538400077,167.830324909747
11.0209428457627,168.036101083032
11.0340318515178,168.4440433213
11.0471208572729,168.559566787004
11.0602098630279,168.86642599278
11.073298868783,168.826714801444
11.0863878745381,168.978339350181
11.0994768802931,169.108303249097
11.1125658860482,169.014440433213
11.1256548918033,168.837545126354
11.1387438975583,168.783393501805
11.1518329033134,168.667870036101
11.1649219090684,168.602888086643
11.1780109148235,168.386281588448
11.1910999205786,168.227436823105
11.2041889263336,168.014440433213
11.2172779320887,167.718411552347
11.2303669378438,167.285198555957
11.2434559435988,166.740072202166
11.2565449493539,166.472924187726
11.2696339551089,165.927797833935
11.282722960864,165.765342960289
11.2958119666191,165.462093862816
11.3089009723741,165.187725631769
11.3219899781292,165.01083032491
11.3350789838843,164.873646209386
11.3481679896393,164.657039711191
11.3612569953944,164.458483754513
11.3743460011494,164.339350180505
11.3874350069045,164.43321299639
11.4005240126596,164.595667870036
11.4136130184146,164.898916967509
11.4267020241697,165.332129963899
11.4397910299248,165.808664259928
11.4528800356798,166.328519855596
11.4659690414349,166.635379061372
11.4790580471899,167.090252707581
11.492147052945,167.296028880866
11.5052360587001,167.595667870036
11.5183250644551,167.815884476534
11.5314140702102,168.072202166065
11.5445030759653,168.270758122744
11.5575920817203,168.368231046931
11.5706810874754,168.451263537906
11.5837700932304,168.490974729242
11.5968590989855,168.400722021661
11.6099481047406,168.13357400722
11.6230371104956,167.898916967509
11.6361261162507,167.682310469314
11.6492151220058,167.487364620939
11.6623041277608,167.303249097473
11.6753931335159,167.324909747292
11.6884821392709,167.252707581227
11.701571145026,167.407942238267
11.7146601507811,167.440433212996
11.7277491565361,167.512635379061
11.7408381622912,167.58844765343
11.7539271680463,167.740072202166
11.7670161738013,167.758122743682
11.7801051795564,167.801444043321
11.7931941853114,168.046931407942
11.8062831910665,168.241877256318
11.8193721968216,168.29963898917
11.8324612025766,168.241877256318
11.8455502083317,168.205776173285
11.8586392140868,168.166064981949
11.8717282198418,168.245487364621
11.8848172255969,168.119133574007
11.8979062313519,168.324909747292
11.910995237107,168.429602888087
11.9240842428621,168.610108303249
11.9371732486171,168.87725631769
11.9502622543722,169.054151624549
11.9633512601273,169.184115523466
11.9764402658823,169.332129963899
11.9895292716374,169.270758122744
12.0026182773924,169.285198555957
12.0157072831475,169.234657039711
12.0287962889026,169.086642599278
12.0418852946576,168.909747292419
12.0549743004127,168.823104693141
12.0680633061678,168.72202166065
12.0811523119228,168.490974729242
12.0942413176779,168.397111913357
12.1073303234329,168.281588447653
12.120419329188,168.303249097473
12.1335083349431,168.26714801444
12.1465973406981,168.317689530686
12.1596863464532,168.541516245487
12.1727753522083,168.913357400722
12.1858643579633,169.274368231047
12.1989533637184,169.682310469314
12.2120423694734,170.198555956679
12.2251313752285,170.743682310469
12.2382203809836,171.447653429603
12.2513093867386,172.046931407942
12.2643983924937,172.613718411552
12.2774873982488,173.209386281588
12.2905764040038,173.873646209386
12.3036654097589,174.494584837545
12.3167544155139,175.137184115523
12.329843421269,175.58844765343
12.3429324270241,176.151624548736
12.3560214327791,176.57761732852
12.3691104385342,176.870036101083
12.3821994442893,177.046931407942
12.3952884500443,177.129963898917
12.4083774557994,177.169675090253
12.4214664615545,177.093862815884
12.4345554673095,177.036101083032
12.4476444730646,176.935018050542
12.4607334788196,176.956678700361
12.4738224845747,177
12.4869114903298,176.971119133574
12.5000004960848,176.830324909747
12.5130895018399,176.819494584838
12.526178507595,176.689530685921
12.53926751335,176.581227436823
12.5523565191051,176.509025270758
12.5654455248601,176.519855595668
12.5785345306152,176.649819494585
12.5916235363703,176.967509025271
12.6047125421253,177.259927797834
12.6178015478804,177.660649819495
12.6308905536355,177.98916967509
12.6439795593905,178.379061371841
12.6570685651456,178.602888086643
12.6701575709006,178.862815884477
12.6832465766557,179.039711191336
12.6963355824108,179.184115523466
12.7094245881658,179.335740072202
12.7225135939209,179.584837545126
12.735602599676,179.787003610108
12.748691605431,179.916967509025
12.7617806111861,180.079422382671
12.7748696169411,180.184115523466
12.7879586226962,179.985559566787
12.8010476284513,179.743682310469
12.8141366342063,179.653429602888
12.8272256399614,179.249097472924
12.8403146457165,178.974729241877
12.8534036514715,178.494584837545
12.8664926572266,177.992779783394
12.8795816629816,177.429602888087
12.8926706687367,176.823104693141
12.9057596744918,176.13357400722
12.9188486802468,175.41155234657
12.9319376860019,174.779783393502
12.945026691757,174.119133574007
12.958115697512,173.85559566787
12.9712047032671,173.530685920578
12.9842937090221,173.389891696751
12.9973827147772,173.357400722022
13.0104717205323,173.465703971119
13.0235607262873,173.483754512635
13.0366497320424,173.483754512635
13.0497387377975,173.545126353791
13.0628277435525,173.649819494585
13.0759167493076,173.58844765343
13.0890057550626,173.703971119134
13.1020947608177,173.794223826715
13.1151837665728,173.898916967509
13.1282727723278,174.018050541516
13.1413617780829,173.916967509025
13.154450783838,173.768953068592
13.167539789593,173.483754512635
13.1806287953481,173.050541516245
13.1937178011031,172.581227436823
13.2068068068582,172.111913357401
13.2198958126133,171.494584837545
13.2329848183683,170.87725631769
13.2460738241234,170.480144404332
13.2591628298785,169.924187725632
13.2722518356335,169.57761732852
13.2853408413886,169.072202166065
13.2984298471437,168.5559566787
13.3115188528987,168.137184115523
13.3246078586538,167.87725631769
13.3376968644088,167.685920577617
13.3507858701639,167.73285198556
13.363874875919,167.880866425993
13.376963881674,168.26714801444
13.3900528874291,168.718411552347
13.4031418931842,169.292418772563
13.4162308989392,169.833935018051
13.4293199046943,170.490974729242
13.4424089104493,171.043321299639
13.4554979162044,171.519855595668
13.4685869219595,171.967509025271
13.4816759277145,172.158844765343
13.4947649334696,172.386281588448
13.5078539392247,172.415162454874
13.5209429449797,172.328519855596
13.5340319507348,172.249097472924
13.5471209564898,172.108303249097
13.5602099622449,171.823104693141
13.573298968,171.678700361011
13.586387973755,171.418772563177
13.5994769795101,171.036101083032
13.6125659852652,170.642599277978
13.6256549910202,170.231046931408
13.6387439967753,169.718411552347
13.6518330025303,169.173285198556
13.6649220082854,168.664259927798
13.6780110140405,168.259927797834
13.6911000197955,167.967509025271
13.7041890255506,167.649819494585
13.7172780313057,167.458483754513
13.7303670370607,167.400722021661
13.7434560428158,167.382671480144
13.7565450485708,167.425992779783
13.7696340543259,167.527075812274
13.782723060081,167.505415162455
13.795812065836,167.841155234657
13.8089010715911,168.129963898917
13.8219900773462,168.400722021661
13.8350790831012,168.758122743682
13.8481680888563,169.198555956679
13.8612570946113,169.675090252708
13.8743461003664,169.992779783394
13.8874351061215,170.458483754513
13.9005241118765,170.772563176895
13.9136131176316,171.205776173285
13.9267021233867,171.530685920578
13.9397911291417,171.72202166065
13.9528801348968,171.942238267148
13.9659691406518,172.093862815884
13.9790581464069,172.115523465704
13.992147152162,172.166064981949
14.005236157917,172.061371841155
14.0183251636721,171.992779783394
14.0314141694272,171.826714801444
14.0445031751822,171.628158844765
14.0575921809373,171.346570397112
14.0706811866923,171.039711191336
14.0837701924474,170.693140794224
14.0968591982025,170.314079422383
14.1099482039575,169.938628158845
14.1230372097126,169.451263537906
14.1361262154677,168.974729241877
14.1492152212227,168.559566787004
14.1623042269778,168.173285198556
14.1753932327328,167.841155234657
14.1884822384879,167.476534296029
14.201571244243,167.241877256318
14.214660249998,167.115523465704
14.2277492557531,167.003610108303
14.2408382615082,166.898916967509
14.2539272672632,166.931407942238
14.2670162730183,167.032490974729
14.2801052787733,167.158844765343
14.2931942845284,167.371841155235
14.3062832902835,167.725631768953
14.3193722960385,168.148014440433
14.3324613017936,168.736462093863
14.3455503075487,169.397111913357
14.3586393133037,170.093862815884
14.3717283190588,170.935018050542
14.3848173248138,171.761732851986
14.3979063305689,172.447653429603
14.410995336324,173.111913357401
14.424084342079,173.574007220217
14.4371733478341,174.111913357401
14.4502623535892,174.516245487365
14.4633513593442,174.808664259928
14.4764403650993,175.090252707581
14.4895293708544,175.332129963899
14.5026183766094,175.534296028881
14.5157073823645,175.613718411552
14.5287963881195,175.646209386282
14.5418853938746,175.581227436823
14.5549743996297,175.404332129964
14.5680634053847,175.064981949458
14.5811524111398,174.56678700361
14.5942414168949,174.227436823105
14.6073304226499,173.584837545126
14.620419428405,173.180505415162
14.63350843416,172.602888086643
14.6465974399151,172.205776173285
14.6596864456702,171.787003610108
14.6727754514252,171.259927797834
14.6858644571803,170.678700361011
14.6989534629354,170.220216606498
14.7120424686904,169.530685920578
14.7251314744455,168.949458483755
14.7382204802005,168.306859205776
14.7513094859556,167.736462093863
14.7643984917107,167.339350180505
14.7774874974657,167.075812274368
14.7905765032208,166.851985559567
14.8036655089759,166.758122743682
14.8167545147309,166.859205776173
14.829843520486,166.851985559567
14.842932526241,166.971119133574
14.8560215319961,167.198555956679
14.8691105377512,167.56678700361
14.8821995435062,168.007220216606
14.8952885492613,168.657039711191
14.9083775550164,169.43321299639
14.9214665607714,170.270758122744
14.9345555665265,171.115523465704
14.9476445722815,171.859205776173
14.9607335780366,172.545126353791
14.9738225837917,172.971119133574
14.9869115895467,173.194945848375
15.0000005953018,173.241877256318
15.0130896010569,173.220216606498
15.0261786068119,173.093862815884
15.039267612567,172.945848375451
15.052356618322,172.649819494585
15.0654456240771,172.42238267148
15.0785346298322,172.180505415162
15.0916236355872,171.859205776173
15.1047126413423,171.41155234657
15.1178016470974,171.018050541516
15.1308906528524,170.498194945848
15.1439796586075,170.158844765343
15.1570686643625,169.765342960289
15.1701576701176,169.364620938628
15.1832466758727,169.180505415162
15.1963356816277,169.028880866426
15.2094246873828,168.902527075812
15.2225136931379,168.86642599278
15.2356026988929,168.823104693141
15.248691704648,168.971119133574
15.261780710403,169.075812274368
15.2748697161581,169.27797833935
15.2879587219132,169.494584837545
15.3010477276682,169.848375451264
15.3141367334233,170.245487364621
15.3272257391784,170.570397111913
15.3403147449334,171.057761732852
15.3534037506885,171.527075812274
15.3664927564435,171.953068592058
15.3795817621986,172.447653429603
15.3926707679537,172.815884476534
15.4057597737087,173.050541516245
15.4188487794638,173.216606498195
15.4319377852189,173.447653429603
15.4450267909739,173.41155234657
15.458115796729,173.310469314079
15.471204802484,173.064981949458
15.4842938082391,172.833935018051
15.4973828139942,172.581227436823
15.5104718197492,172.285198555957
15.5235608255043,172.032490974729
15.5366498312594,171.902527075812
15.5497388370144,171.718411552347
15.5628278427695,171.469314079422
15.5759168485245,171.01083032491
15.5890058542796,170.505415162455
15.6020948600347,170
15.6151838657897,169.469314079422
15.6282728715448,168.902527075812
15.6413618772999,168.418772563177
15.6544508830549,167.992779783394
15.66753988881,167.714801444043
15.6806288945651,167.472924187726
15.6937179003201,167.090252707581
15.7068069060752,166.931407942238
15.7198959118302,166.920577617329
15.7329849175853,166.880866425993
15.7460739233404,166.859205776173
15.7591629290954,167.209386281588
15.7722519348505,167.462093862816
15.7853409406056,167.956678700361
15.7984299463606,168.483754512635
15.8115189521157,169.028880866426
15.8246079578707,169.5559566787
15.8376969636258,170.126353790614
15.8507859693809,170.638989169675
15.8638749751359,171
15.876963980891,171.440433212996
15.8900529866461,171.72202166065
15.9031419924011,172.075812274368
15.9162309981562,172.346570397112
15.9293200039112,172.407942238267
15.9424090096663,172.371841155235
15.9554980154214,172.429602888087
15.9685870211764,172.191335740072
15.9816760269315,172.104693140794
15.9947650326866,171.743682310469
16.0078540384416,171.379061371841
16.0209430441967,171.090252707581
16.0340320499517,170.689530685921
16.0471210557068,170.252707581227
16.0602100614619,169.985559566787
16.0732990672169,169.527075812274
16.086388072972,169.310469314079
16.0994770787271,168.974729241877
16.1125660844821,168.620938628159
16.1256550902372,168.465703971119
16.1387440959922,168.379061371841
16.1518331017473,168.285198555957
16.1649221075024,168.129963898917
16.1780111132574,168.26714801444
16.1911001190125,168.292418772563
16.2041891247676,168.552346570397
16.2172781305226,168.884476534296
16.2303671362777,169.101083032491
16.2434561420327,169.574007220217
16.2565451477878,170.021660649819
16.2696341535429,170.357400722022
16.2827231592979,170.718411552347
16.295812165053,170.913357400722
16.3089011708081,171.148014440433
16.3219901765631,171.321299638989
16.3350791823182,171.324909747292
16.3481681880732,171.234657039711
16.3612571938283,171.104693140794
16.3743461995834,170.945848375451
16.3874352053384,170.638989169675
16.4005242110935,170.386281588448
16.4136132168486,169.963898916968
16.4267022226036,169.501805054152
16.4397912283587,169.101083032491
16.4528802341137,168.801444043321
16.4659692398688,168.4440433213
16.4790582456239,168.15523465704
16.4921472513789,168.032490974729
16.505236257134,167.833935018051
16.5183252628891,167.758122743682
16.5314142686441,167.667870036101
16.5445032743992,167.729241877256
16.5575922801543,167.851985559567
16.5706812859093,168.014440433213
16.5837702916644,168.169675090253
16.5968592974194,168.602888086643
16.6099483031745,168.851985559567
16.6230373089296,169.209386281588
16.6361263146846,169.534296028881
16.6492153204397,169.808664259928
16.6623043261948,169.996389891697
16.6753933319498,170.13357400722
16.6884823377049,170.173285198556
16.7015713434599,170.075812274368
16.714660349215,169.927797833935
16.7277493549701,169.631768953069
16.7408383607251,169.364620938628
16.7539273664802,169.01083032491
16.7670163722353,168.519855595668
16.7801053779903,168.021660649819
16.7931943837454,167.787003610108
16.8062833895004,167.281588447653
16.8193723952555,167.119133574007
16.8324614010106,166.837545126354
16.8455504067656,166.624548736462
16.8586394125207,166.512635379061
16.8717284182758,166.292418772563
16.8848174240308,165.909747292419
16.8979064297859,165.548736462094
16.9109954355409,165.212996389892
16.924084441296,164.906137184116
16.9371734470511,164.761732851986
16.9502624528061,164.620938628159
16.9633514585612,164.675090252708
16.9764404643163,164.974729241877
16.9895294700713,165.425992779783
17.0026184758264,165.736462093863
17.0157074815814,166.328519855596
17.0287964873365,166.617328519856
17.0418854930916,167.198555956679
17.0549744988466,167.707581227437
17.0680635046017,168.187725631769
17.0811525103568,168.743682310469
17.0942415161118,169.429602888087
17.1073305218669,169.86642599278
17.1204195276219,170.332129963899
17.133508533377,170.574007220217
17.1465975391321,170.801444043321
17.1596865448871,170.971119133574
17.1727755506422,170.938628158845
17.1858645563973,170.898916967509
17.1989535621523,170.837545126354
17.2120425679074,170.963898916968
17.2251315736624,170.916967509025
17.2382205794175,170.960288808664
17.2513095851726,170.801444043321
17.2643985909276,170.743682310469
17.2774875966827,170.610108303249
17.2905766024378,170.548736462094
17.3036656081928,170.451263537906
17.3167546139479,170.498194945848
17.3298436197029,170.805054151625
17.342932625458,171.209386281588
17.3560216312131,171.714801444043
17.3691106369681,172.353790613718
17.3821996427232,173.01083032491
17.3952886484783,173.70036101083
17.4083776542333,174.523465703971
17.4214666599884,175.108303249097
17.4345556657434,176
17.4476446714985,176.678700361011
17.4607336772536,177.469314079422
17.4738226830086,178.263537906137
17.4869116887637,178.931407942238
17.5000006945188,179.335740072202
17.5130897002738,179.638989169675
17.5261787060289,179.837545126354
17.5392677117839,179.841155234657
17.552356717539,179.84476534296
17.5654457232941,179.826714801444
17.5785347290491,179.956678700361
17.5916237348042,180.086642599278
17.6047127405593,180.274368231047
17.6178017463143,180.346570397112
17.6308907520694,180.581227436823
17.6439797578244,180.516245487365
17.6570687635795,180.487364620939
17.6701577693346,180.216606498195
17.6832467750896,179.895306859206
17.6963357808447,179.653429602888
17.7094247865998,179.386281588448
17.7225137923548,179.238267148014
17.7356027981099,179.097472924188
17.748691803865,179.068592057762
17.76178080962,179.115523465704
17.7748698153751,179.241877256318
17.7879588211301,179.328519855596
17.8010478268852,179.404332129964
17.8141368326403,179.584837545126
17.8272258383953,179.772563176895
17.8403148441504,179.898916967509
17.8534038499055,180.158844765343
17.8664928556605,180.404332129964
17.8795818614156,180.685920577617
17.8926708671706,180.971119133574
17.9057598729257,181.169675090253
17.9188488786808,181.382671480144
17.9319378844358,181.599277978339
17.9450268901909,181.765342960289
17.958115895946,181.888086642599
17.971204901701,182.129963898917
17.9842939074561,182.231046931408
17.9973829132111,182.397111913357
18.0104719189662,182.465703971119
18.0235609247213,182.382671480144
18.0366499304763,181.985559566787
18.0497389362314,181.599277978339
18.0628279419865,181.097472924188
18.0759169477415,180.610108303249
18.0890059534966,180.050541516245
18.1020949592516,179.458483754513
18.1151839650067,179.007220216606
18.1282729707618,178.729241877256
18.1413619765168,178.570397111913
18.1544509822719,178.43321299639
18.167539988027,178.42238267148
18.180628993782,178.407942238267
18.1937179995371,178.447653429603
18.2068070052921,178.509025270758
18.2198960110472,178.537906137184
18.2329850168023,178.693140794224
18.2460740225573,178.927797833935
18.2591630283124,179.12274368231
18.2722520340675,179.548736462094
18.2853410398225,179.848375451264
18.2984300455776,180.303249097473
18.3115190513326,180.729241877256
18.3246080570877,181.083032490975
18.3376970628428,181.285198555957
18.3507860685978,181.472924187726
18.3638750743529,181.537906137184
18.376964080108,181.527075812274
18.390053085863,181.516245487365
18.4031420916181,181.429602888087
18.4162310973731,181.407942238267
18.4293201031282,181.375451263538
18.4424091088833,181.462093862816
18.4554981146383,181.584837545126
18.4685871203934,181.761732851986
18.4816761261485,181.960288808664
18.4947651319035,182.227436823105
18.5078541376586,182.527075812274
18.5209431434136,182.884476534296
18.5340321491687,182.909747292419
18.5471211549238,183.003610108303
18.5602101606788,183.12274368231
18.5732991664339,183.14440433213
18.586388172189,182.913357400722
18.599477177944,182.884476534296
18.6125661836991,182.805054151625
18.6256551894541,182.837545126354
18.6387441952092,182.942238267148
18.6518332009643,183.209386281588
18.6649222067193,183.664259927798
18.6780112124744,184.072202166065
18.6911002182295,184.624548736462
18.7041892239845,185.115523465704
18.7172782297396,185.628158844765
18.7303672354946,186.15523465704
18.7434562412497,186.559566787004
18.7565452470048,186.935018050542
18.7696342527598,187.462093862816
18.7827232585149,187.906137184116
18.79581226427,188.249097472924
18.808901270025,188.617328519856
18.8219902757801,188.945848375451
18.8350792815351,189.303249097473
18.8481682872902,189.592057761733
18.8612572930453,189.830324909747
18.8743462988003,190.166064981949
18.8874353045554,190.458483754513
18.9005243103105,190.787003610108
18.9136133160655,191.014440433213
18.9267023218206,191.137184115523
18.9397913275757,191.187725631769
18.9528803333307,191.050541516245
18.9659693390858,190.682310469314
18.9790583448408,190.285198555957
18.9921473505959,190.079422382671
19.005236356351,189.685920577617
19.018325362106,189.465703971119
19.0314143678611,189.324909747292
19.0445033736162,189.379061371841
19.0575923793712,189.458483754513
19.0706813851263,189.5559566787
19.0837703908813,189.617328519856
19.0968593966364,189.779783393502
19.1099484023915,189.913357400722
19.1230374081465,190.256317689531
19.1361264139016,190.671480144404
19.1492154196567,191.231046931408
19.1623044254117,191.971119133574
19.1753934311668,192.787003610108
19.1884824369218,193.776173285199
19.2015714426769,194.671480144404
19.214660448432,195.469314079422
19.227749454187,196.379061371841
19.2408384599421,197.148014440433
19.2539274656972,197.967509025271
19.2670164714522,198.602888086643
19.2801054772073,199.238267148014
19.2931944829623,199.797833935018
19.3062834887174,200.061371841155
19.3193724944725,200.169675090253
19.3324615002275,200.061371841155
19.3455505059826,199.906137184116
19.3586395117377,199.58844765343
19.3717285174927,199.191335740072
19.3848175232478,198.880866425993
19.3979065290028,198.624548736462
19.4109955347579,198.415162454874
19.424084540513,198.469314079422
19.437173546268,198.407942238267
19.4502625520231,198.375451263538
19.4633515577782,198.364620938628
19.4764405635332,198.458483754513
19.4895295692883,198.599277978339
19.5026185750433,198.909747292419
19.5157075807984,199.151624548736
19.5287965865535,199.462093862816
19.5418855923085,199.86642599278
19.5549745980636,200.256317689531
19.5680636038187,200.563176895307
19.5811526095737,200.740072202166
19.5942416153288,200.805054151625
19.6073306210838,200.956678700361
19.6204196268389,201.097472924188
19.633508632594,201.205776173285
19.646597638349,201.397111913357
19.6596866441041,201.592057761733
19.6727756498592,201.765342960289
19.6858646556142,201.812274368231
19.6989536613693,201.851985559567
19.7120426671243,201.916967509025
19.7251316728794,201.880866425993
19.7382206786345,201.86642599278
19.7513096843895,201.967509025271
19.7643986901446,202.140794223827
19.7774876958997,202.418772563177
19.7905767016547,202.787003610108
19.8036657074098,203.108303249097
19.8167547131648,203.375451263538
19.8298437189199,203.501805054152
19.842932724675,203.501805054152
19.85602173043,203.545126353791
19.8691107361851,203.541516245487
19.8821997419402,203.332129963899
19.8952887476952,203.241877256318
19.9083777534503,203.13357400722
19.9214667592053,202.888086642599
19.9345557649604,202.667870036101
19.9476447707155,202.418772563177
19.9607337764705,202.148014440433
19.9738227822256,201.895306859206
19.9869117879807,201.56678700361
20.0000007937357,201.400722021661
20.0130897994908,201.361010830325
20.0261788052458,201.389891696751
20.0392678110009,201.458483754513
20.052356816756,201.516245487365
20.065445822511,201.487364620939
20.0785348282661,201.397111913357
20.0916238340212,201.12274368231
20.1047128397762,200.638989169675
20.1178018455313,200.184115523466
20.1308908512864,199.682310469314
20.1439798570414,199.086642599278
20.1570688627965,198.454873646209
20.1701578685515,197.963898916968
20.1832468743066,197.43321299639
20.1963358800617,196.920577617329
20.2094248858167,196.483754512635
