"Date: 11/19/2019 11:25:05 AM"
0
#TRUE#,#FALSE#,#FALSE#
#TRUE#
104.8,104.8,104.8
"E:\Scan 2\Coral_2_3_6_DLAB6_1.bmp"
""
157,617,1641,631,1645,216,161,202
1485
0,173.704326923077
9.54198473282443E-03,173.485576923077
1.90839694656489E-02,173.240384615385
2.86259541984733E-02,173.149038461538
3.81679389312977E-02,172.956730769231
4.77099236641221E-02,172.819711538462
5.72519083969466E-02,172.766826923077
.066793893129771,172.798076923077
7.63358778625954E-02,172.834134615385
8.58778625954198E-02,172.90625
9.54198473282443E-02,172.956730769231
.104961832061069,173.052884615385
.114503816793893,173.125
.124045801526718,173.165865384615
.133587786259542,173.151442307692
.143129770992366,173.197115384615
.152671755725191,173.127403846154
.162213740458015,173.072115384615
.17175572519084,172.990384615385
.181297709923664,172.961538461538
.190839694656489,172.935096153846
.200381679389313,172.939903846154
.209923664122137,172.930288461538
.219465648854962,172.954326923077
.229007633587786,172.944711538462
.238549618320611,173.033653846154
.248091603053435,173.019230769231
.25763358778626,173.019230769231
.267175572519084,172.930288461538
.276717557251908,172.848557692308
.286259541984733,172.728365384615
.295801526717557,172.480769230769
.305343511450382,172.233173076923
.314885496183206,171.877403846154
.324427480916031,171.545673076923
.333969465648855,171.237980769231
.343511450381679,170.901442307692
.353053435114504,170.504807692308
.362595419847328,170.264423076923
.372137404580153,170.112980769231
.381679389312977,169.971153846154
.391221374045801,169.877403846154
.400763358778626,169.951923076923
.41030534351145,170.012019230769
.419847328244275,170.144230769231
.429389312977099,170.242788461538
.438931297709924,170.420673076923
.448473282442748,170.641826923077
.458015267175572,170.733173076923
.467557251908397,170.9375
.477099236641221,171.084134615385
.486641221374046,171.293269230769
.49618320610687,171.507211538462
.505725190839695,171.701923076923
.515267175572519,171.896634615385
.524809160305343,172.007211538462
.534351145038168,172.185096153846
.543893129770992,172.271634615385
.553435114503817,172.324519230769
.562977099236641,172.362980769231
.572519083969466,172.350961538462
.58206106870229,172.228365384615
.591603053435114,172.122596153846
.601145038167939,171.997596153846
.610687022900763,171.935096153846
.620229007633588,171.867788461538
.629770992366412,171.805288461538
.639312977099237,171.759615384615
.648854961832061,171.769230769231
.658396946564885,171.742788461538
.66793893129771,171.682692307692
.677480916030534,171.617788461538
.687022900763359,171.528846153846
.696564885496183,171.430288461538
.706106870229008,171.338942307692
.715648854961832,171.103365384615
.725190839694656,170.913461538462
.734732824427481,170.742788461538
.744274809160305,170.608173076923
.75381679389313,170.442307692308
.763358778625954,170.223557692308
.772900763358779,170.024038461538
.782442748091603,169.653846153846
.791984732824427,169.298076923077
.801526717557252,168.8125
.811068702290076,168.252403846154
.820610687022901,167.641826923077
.830152671755725,166.942307692308
.83969465648855,166.298076923077
.849236641221374,165.709134615385
.858778625954198,165.25
.868320610687023,164.894230769231
.877862595419847,164.596153846154
.887404580152672,164.348557692308
.896946564885496,164.290865384615
.90648854961832,164.300480769231
.916030534351145,164.34375
.925572519083969,164.264423076923
.935114503816794,164.223557692308
.944656488549618,164.223557692308
.954198473282443,164.127403846154
.963740458015267,164.110576923077
.973282442748092,164.067307692308
.982824427480916,164.084134615385
.99236641221374,164.033653846154
1.00190839694656,164.076923076923
1.01145038167939,164.149038461538
1.02099236641221,164.233173076923
1.03053435114504,164.329326923077
1.04007633587786,164.4375
1.04961832061069,164.456730769231
1.05916030534351,164.5
1.06870229007634,164.420673076923
1.07824427480916,164.384615384615
1.08778625954198,164.298076923077
1.09732824427481,164.28125
1.10687022900763,164.197115384615
1.11641221374046,164.137019230769
1.12595419847328,164.245192307692
1.13549618320611,164.252403846154
1.14503816793893,164.451923076923
1.15458015267176,164.478365384615
1.16412213740458,164.634615384615
1.1736641221374,164.742788461538
1.18320610687023,164.889423076923
1.19274809160305,164.990384615385
1.20229007633588,165.033653846154
1.2118320610687,165.163461538462
1.22137404580153,165.269230769231
1.23091603053435,165.459134615385
1.24045801526718,165.615384615385
1.25,165.879807692308
1.25954198473282,166.149038461538
1.26908396946565,166.459134615385
1.27862595419847,166.786057692308
1.2881679389313,167.084134615385
1.29770992366412,167.456730769231
1.30725190839695,167.737980769231
1.31679389312977,167.978365384615
1.3263358778626,168.15625
1.33587786259542,168.377403846154
1.34541984732824,168.485576923077
1.35496183206107,168.584134615385
1.36450381679389,168.600961538462
1.37404580152672,168.65625
1.38358778625954,168.600961538462
1.39312977099237,168.524038461538
1.40267175572519,168.442307692308
1.41221374045802,168.254807692308
1.42175572519084,168.004807692308
1.43129770992366,167.766826923077
1.44083969465649,167.444711538462
1.45038167938931,167.115384615385
1.45992366412214,166.745192307692
1.46946564885496,166.519230769231
1.47900763358779,166.274038461538
1.48854961832061,166.081730769231
1.49809160305344,165.966346153846
1.50763358778626,166.040865384615
1.51717557251908,166.211538461538
1.52671755725191,166.432692307692
1.53625954198473,166.622596153846
1.54580152671756,166.819711538462
1.55534351145038,166.990384615385
1.56488549618321,167.132211538462
1.57442748091603,167.305288461538
1.58396946564885,167.543269230769
1.59351145038168,167.685096153846
1.6030534351145,167.887019230769
1.61259541984733,168.100961538462
1.62213740458015,168.290865384615
1.63167938931298,168.5625
1.6412213740458,168.826923076923
1.65076335877863,169.074519230769
1.66030534351145,169.290865384615
1.66984732824427,169.399038461538
1.6793893129771,169.495192307692
1.68893129770992,169.4375
1.69847328244275,169.324519230769
1.70801526717557,169.100961538462
1.7175572519084,168.891826923077
1.72709923664122,168.651442307692
1.73664122137405,168.430288461538
1.74618320610687,168.177884615385
1.75572519083969,167.961538461538
1.76526717557252,167.740384615385
1.77480916030534,167.540865384615
1.78435114503817,167.362980769231
1.79389312977099,167.228365384615
1.80343511450382,167.072115384615
1.81297709923664,166.870192307692
1.82251908396947,166.634615384615
1.83206106870229,166.423076923077
1.84160305343511,166.189903846154
1.85114503816794,166.060096153846
1.86068702290076,165.90625
1.87022900763359,165.771634615385
1.87977099236641,165.65625
1.88931297709924,165.507211538462
1.89885496183206,165.536057692308
1.90839694656489,165.418269230769
1.91793893129771,165.399038461538
1.92748091603053,165.334134615385
1.93702290076336,165.266826923077
1.94656488549618,165.132211538462
1.95610687022901,165.036057692308
1.96564885496183,164.915865384615
1.97519083969466,164.817307692308
1.98473282442748,164.692307692308
1.99427480916031,164.677884615385
2.00381679389313,164.605769230769
2.01335877862595,164.564903846154
2.02290076335878,164.574519230769
2.0324427480916,164.608173076923
2.04198473282443,164.651442307692
2.05152671755725,164.610576923077
2.06106870229008,164.596153846154
2.0706106870229,164.627403846154
2.08015267175572,164.682692307692
2.08969465648855,164.742788461538
2.09923664122137,164.798076923077
2.1087786259542,164.911057692308
2.11832061068702,165.096153846154
2.12786259541985,165.286057692308
2.13740458015267,165.507211538462
2.1469465648855,165.689903846154
2.15648854961832,165.903846153846
2.16603053435114,166.153846153846
2.17557251908397,166.358173076923
2.18511450381679,166.533653846154
2.19465648854962,166.682692307692
2.20419847328244,166.850961538462
2.21374045801527,166.973557692308
2.22328244274809,167.127403846154
2.23282442748092,167.242788461538
2.24236641221374,167.348557692308
2.25190839694656,167.512019230769
2.26145038167939,167.685096153846
2.27099236641221,167.889423076923
2.28053435114504,168.028846153846
2.29007633587786,168.204326923077
2.29961832061069,168.444711538462
2.30916030534351,168.615384615385
2.31870229007634,168.728365384615
2.32824427480916,168.858173076923
2.33778625954198,168.927884615385
2.34732824427481,168.966346153846
2.35687022900763,168.983173076923
2.36641221374046,168.944711538462
2.37595419847328,168.875
2.38549618320611,168.786057692308
2.39503816793893,168.668269230769
2.40458015267176,168.670673076923
2.41412213740458,168.651442307692
2.4236641221374,168.622596153846
2.43320610687023,168.629807692308
2.44274809160305,168.646634615385
2.45229007633588,168.692307692308
2.4618320610687,168.78125
2.47137404580153,168.819711538462
2.48091603053435,168.894230769231
2.49045801526718,169
2.5,169.048076923077
2.50954198473282,169.137019230769
2.51908396946565,169.211538461538
2.52862595419847,169.384615384615
2.5381679389313,169.502403846154
2.54770992366412,169.793269230769
2.55725190839695,170.072115384615
2.56679389312977,170.442307692308
2.5763358778626,170.793269230769
2.58587786259542,171.223557692308
2.59541984732824,171.444711538462
2.60496183206107,171.807692307692
2.61450381679389,171.927884615385
2.62404580152672,171.987980769231
2.63358778625954,171.971153846154
2.64312977099237,171.826923076923
2.65267175572519,171.716346153846
2.66221374045801,171.526442307692
2.67175572519084,171.322115384615
2.68129770992366,171.110576923077
2.69083969465649,170.954326923077
2.70038167938931,170.757211538462
2.70992366412214,170.564903846154
2.71946564885496,170.485576923077
2.72900763358779,170.365384615385
2.73854961832061,170.216346153846
2.74809160305343,170.091346153846
2.75763358778626,170.007211538462
2.76717557251908,170
2.77671755725191,169.971153846154
2.78625954198473,169.985576923077
2.79580152671756,170.09375
2.80534351145038,170.225961538462
2.81488549618321,170.552884615385
2.82442748091603,170.810096153846
2.83396946564885,171.149038461538
2.84351145038168,171.490384615385
2.8530534351145,171.689903846154
2.86259541984733,171.884615384615
2.87213740458015,172.069711538462
2.88167938931298,172.149038461538
2.8912213740458,172.180288461538
2.90076335877863,172.100961538462
2.91030534351145,172.03125
2.91984732824427,171.894230769231
2.9293893129771,171.75
2.93893129770992,171.677884615385
2.94847328244275,171.572115384615
2.95801526717557,171.490384615385
2.9675572519084,171.317307692308
2.97709923664122,171.175480769231
2.98664122137405,171.024038461538
2.99618320610687,170.819711538462
3.00572519083969,170.612980769231
3.01526717557252,170.461538461538
3.02480916030534,170.3125
3.03435114503817,170.189903846154
3.04389312977099,170.115384615385
3.05343511450382,170.192307692308
3.06297709923664,170.197115384615
3.07251908396947,170.382211538462
3.08206106870229,170.480769230769
3.09160305343511,170.637019230769
3.10114503816794,170.875
3.11068702290076,170.990384615385
3.12022900763359,171.120192307692
3.12977099236641,171.177884615385
3.13931297709924,171.170673076923
3.14885496183206,171.209134615385
3.15839694656489,171.170673076923
3.16793893129771,171.129807692308
3.17748091603053,171.170673076923
3.18702290076336,171.15625
3.19656488549618,171.295673076923
3.20610687022901,171.319711538462
3.21564885496183,171.394230769231
3.22519083969466,171.430288461538
3.23473282442748,171.427884615385
3.2442748091603,171.379807692308
3.25381679389313,171.317307692308
3.26335877862595,171.170673076923
3.27290076335878,171.009615384615
3.2824427480916,170.771634615385
3.29198473282443,170.519230769231
3.30152671755725,170.240384615385
3.31106870229008,170.007211538462
3.3206106870229,169.776442307692
3.33015267175572,169.46875
3.33969465648855,169.201923076923
3.34923664122137,168.971153846154
3.3587786259542,168.567307692308
3.36832061068702,168.28125
3.37786259541985,167.867788461538
3.38740458015267,167.608173076923
3.3969465648855,167.290865384615
3.40648854961832,167.009615384615
3.41603053435114,166.826923076923
3.42557251908397,166.769230769231
3.43511450381679,166.831730769231
3.44465648854962,166.884615384615
3.45419847328244,167.026442307692
3.46374045801527,167.329326923077
3.47328244274809,167.754807692308
3.48282442748092,168.170673076923
3.49236641221374,168.514423076923
3.50190839694656,168.96875
3.51145038167939,169.492788461538
3.52099236641221,169.911057692308
3.53053435114504,170.355769230769
3.54007633587786,170.514423076923
3.54961832061069,170.798076923077
3.55916030534351,171.168269230769
3.56870229007634,171.401442307692
3.57824427480916,171.574519230769
3.58778625954198,171.728365384615
3.59732824427481,171.747596153846
3.60687022900763,171.730769230769
3.61641221374046,171.605769230769
3.62595419847328,171.353365384615
3.63549618320611,171.084134615385
3.64503816793893,170.6875
3.65458015267176,170.252403846154
3.66412213740458,169.754807692308
3.6736641221374,169.305288461538
3.68320610687023,168.71875
3.69274809160305,168.293269230769
3.70229007633588,167.819711538462
3.7118320610687,167.283653846154
3.72137404580153,166.870192307692
3.73091603053435,166.415865384615
3.74045801526718,166.060096153846
3.75,165.713942307692
3.75954198473282,165.439903846154
3.76908396946565,165.266826923077
3.77862595419847,165.213942307692
3.7881679389313,165.201923076923
3.79770992366412,165.310096153846
3.80725190839695,165.588942307692
3.81679389312977,165.915865384615
3.82633587786259,166.326923076923
3.83587786259542,166.853365384615
3.84541984732824,167.307692307692
3.85496183206107,167.882211538462
3.86450381679389,168.449519230769
3.87404580152672,168.879807692308
3.88358778625954,169.329326923077
3.89312977099237,169.745192307692
3.90267175572519,169.992788461538
3.91221374045801,170.240384615385
3.92175572519084,170.454326923077
3.93129770992366,170.622596153846
3.94083969465649,170.711538461538
3.95038167938931,170.788461538462
3.95992366412214,170.740384615385
3.96946564885496,170.701923076923
3.97900763358779,170.584134615385
3.98854961832061,170.473557692308
3.99809160305343,170.365384615385
4.00763358778626,170.230769230769
4.01717557251908,169.973557692308
4.02671755725191,169.757211538462
4.03625954198473,169.540865384615
4.04580152671756,169.341346153846
4.05534351145038,169.180288461538
4.06488549618321,168.951923076923
4.07442748091603,168.805288461538
4.08396946564885,168.653846153846
4.09351145038168,168.502403846154
4.1030534351145,168.394230769231
4.11259541984733,168.235576923077
4.12213740458015,168.081730769231
4.13167938931298,167.973557692308
4.1412213740458,167.824519230769
4.15076335877863,167.649038461538
4.16030534351145,167.423076923077
4.16984732824427,167.206730769231
4.1793893129771,167.009615384615
4.18893129770992,166.788461538462
4.19847328244275,166.586538461538
4.20801526717557,166.358173076923
4.2175572519084,166.305288461538
4.22709923664122,166.170673076923
4.23664122137405,166.129807692308
4.24618320610687,166.057692307692
4.25572519083969,165.997596153846
4.26526717557252,165.973557692308
4.27480916030534,165.947115384615
4.28435114503817,165.896634615385
4.29389312977099,165.899038461538
4.30343511450382,165.742788461538
4.31297709923664,165.65625
4.32251908396946,165.497596153846
4.33206106870229,165.336538461538
4.34160305343511,165.252403846154
4.35114503816794,165.048076923077
4.36068702290076,164.966346153846
4.37022900763359,164.949519230769
4.37977099236641,164.908653846154
4.38931297709924,164.930288461538
4.39885496183206,164.932692307692
4.40839694656488,164.947115384615
4.41793893129771,165.098557692308
4.42748091603053,165.129807692308
4.43702290076336,165.324519230769
4.44656488549618,165.401442307692
4.45610687022901,165.509615384615
4.46564885496183,165.665865384615
4.47519083969466,165.778846153846
4.48473282442748,165.942307692308
4.4942748091603,166.134615384615
4.50381679389313,166.173076923077
4.51335877862595,166.302884615385
4.52290076335878,166.319711538462
4.5324427480916,166.322115384615
4.54198473282443,166.288461538462
4.55152671755725,166.182692307692
4.56106870229008,165.96875
4.5706106870229,165.807692307692
4.58015267175572,165.579326923077
4.58969465648855,165.394230769231
4.59923664122137,165.189903846154
4.6087786259542,164.978365384615
4.61832061068702,164.8125
4.62786259541985,164.711538461538
4.63740458015267,164.661057692308
4.6469465648855,164.591346153846
4.65648854961832,164.596153846154
4.66603053435114,164.596153846154
4.67557251908397,164.663461538462
4.68511450381679,164.6875
4.69465648854962,164.745192307692
4.70419847328244,164.810096153846
4.71374045801527,164.858173076923
4.72328244274809,164.973557692308
4.73282442748092,165.115384615385
4.74236641221374,165.192307692308
4.75190839694656,165.293269230769
4.76145038167939,165.362980769231
4.77099236641221,165.463942307692
4.78053435114504,165.591346153846
4.79007633587786,165.579326923077
4.79961832061069,165.576923076923
4.80916030534351,165.502403846154
4.81870229007634,165.372596153846
4.82824427480916,165.25
4.83778625954198,165.076923076923
4.84732824427481,164.872596153846
4.85687022900763,164.699519230769
4.86641221374046,164.5625
4.87595419847328,164.466346153846
4.88549618320611,164.295673076923
4.89503816793893,164.274038461538
4.90458015267176,164.189903846154
4.91412213740458,164.129807692308
4.9236641221374,164.117788461538
4.93320610687023,164.09375
4.94274809160305,164.072115384615
4.95229007633588,164.024038461538
4.9618320610687,163.944711538462
4.97137404580153,163.882211538462
4.98091603053435,163.778846153846
4.99045801526718,163.617788461538
5,163.475961538462
5.00954198473282,163.259615384615
5.01908396946565,163.007211538462
5.02862595419847,162.711538461538
5.0381679389313,162.379807692308
5.04770992366412,162.055288461538
5.05725190839695,161.610576923077
5.06679389312977,161.298076923077
5.07633587786259,160.918269230769
5.08587786259542,160.555288461538
5.09541984732824,160.199519230769
5.10496183206107,159.990384615385
5.11450381679389,159.735576923077
5.12404580152672,159.639423076923
5.13358778625954,159.524038461538
5.14312977099237,159.512019230769
5.15267175572519,159.576923076923
5.16221374045801,159.581730769231
5.17175572519084,159.711538461538
5.18129770992366,159.887019230769
5.19083969465649,160.028846153846
5.20038167938931,160.165865384615
5.20992366412214,160.430288461538
5.21946564885496,160.663461538462
5.22900763358779,161.043269230769
5.23854961832061,161.4375
5.24809160305343,161.877403846154
5.25763358778626,162.286057692308
5.26717557251908,162.735576923077
5.27671755725191,163.084134615385
5.28625954198473,163.497596153846
5.29580152671756,163.841346153846
5.30534351145038,164.170673076923
5.31488549618321,164.432692307692
5.32442748091603,164.555288461538
5.33396946564885,164.769230769231
5.34351145038168,164.980769230769
5.3530534351145,165.194711538462
5.36259541984733,165.346153846154
5.37213740458015,165.564903846154
5.38167938931298,165.862980769231
5.3912213740458,166.168269230769
5.40076335877863,166.471153846154
5.41030534351145,166.774038461538
5.41984732824427,166.987980769231
5.4293893129771,167.295673076923
5.43893129770992,167.519230769231
5.44847328244275,167.711538461538
5.45801526717557,167.867788461538
5.4675572519084,168.144230769231
5.47709923664122,168.346153846154
5.48664122137405,168.572115384615
5.49618320610687,168.855769230769
5.50572519083969,169.173076923077
5.51526717557252,169.545673076923
5.52480916030534,169.882211538462
5.53435114503817,170.175480769231
5.54389312977099,170.466346153846
5.55343511450382,170.745192307692
5.56297709923664,170.841346153846
5.57251908396946,171.084134615385
5.58206106870229,171.081730769231
5.59160305343511,171.163461538462
5.60114503816794,171.185096153846
5.61068702290076,171.100961538462
5.62022900763359,171.098557692308
5.62977099236641,171.091346153846
5.63931297709924,171.050480769231
5.64885496183206,170.947115384615
5.65839694656488,170.817307692308
5.66793893129771,170.574519230769
5.67748091603053,170.324519230769
5.68702290076336,170.043269230769
5.69656488549618,169.670673076923
5.70610687022901,169.213942307692
5.71564885496183,168.841346153846
5.72519083969466,168.411057692308
5.73473282442748,168.15625
5.7442748091603,167.824519230769
5.75381679389313,167.600961538462
5.76335877862595,167.454326923077
5.77290076335878,167.336538461538
5.7824427480916,167.170673076923
5.79198473282443,167.084134615385
5.80152671755725,166.954326923077
5.81106870229008,166.872596153846
5.8206106870229,166.685096153846
5.83015267175572,166.480769230769
5.83969465648855,166.355769230769
5.84923664122137,166.204326923077
5.8587786259542,166.084134615385
5.86832061068702,165.920673076923
5.87786259541985,165.850961538462
5.88740458015267,165.838942307692
5.8969465648855,165.819711538462
5.90648854961832,165.901442307692
5.91603053435114,165.925480769231
5.92557251908397,166.03125
5.93511450381679,166.086538461538
5.94465648854962,166.168269230769
5.95419847328244,166.307692307692
5.96374045801527,166.411057692308
5.97328244274809,166.569711538462
5.98282442748092,166.817307692308
5.99236641221374,167.002403846154
6.00190839694656,167.182692307692
6.01145038167939,167.403846153846
6.02099236641221,167.612980769231
6.03053435114504,167.740384615385
6.04007633587786,167.889423076923
6.04961832061069,167.896634615385
6.05916030534351,167.860576923077
6.06870229007634,167.826923076923
6.07824427480916,167.723557692308
6.08778625954198,167.461538461538
6.09732824427481,167.271634615385
6.10687022900763,167.0625
6.11641221374046,166.810096153846
6.12595419847328,166.560096153846
6.13549618320611,166.348557692308
6.14503816793893,166.088942307692
6.15458015267176,165.887019230769
6.16412213740458,165.721153846154
6.1736641221374,165.504807692308
6.18320610687023,165.355769230769
6.19274809160305,165.206730769231
6.20229007633588,165.038461538462
6.2118320610687,164.901442307692
6.22137404580153,164.697115384615
6.23091603053435,164.524038461538
6.24045801526717,164.375
6.25,164.194711538462
6.25954198473282,164.019230769231
6.26908396946565,163.855769230769
6.27862595419847,163.603365384615
6.2881679389313,163.456730769231
6.29770992366412,163.290865384615
6.30725190839695,163.129807692308
6.31679389312977,163.004807692308
6.32633587786259,162.78125
6.33587786259542,162.600961538462
6.34541984732824,162.384615384615
6.35496183206107,162.204326923077
6.36450381679389,161.987980769231
6.37404580152672,161.776442307692
6.38358778625954,161.567307692308
6.39312977099237,161.362980769231
6.40267175572519,161.144230769231
6.41221374045801,160.956730769231
6.42175572519084,160.882211538462
6.43129770992366,160.762019230769
6.44083969465649,160.641826923077
6.45038167938931,160.504807692308
6.45992366412214,160.399038461538
6.46946564885496,160.367788461538
6.47900763358779,160.295673076923
6.48854961832061,160.262019230769
6.49809160305343,160.235576923077
6.50763358778626,160.153846153846
6.51717557251908,160.072115384615
6.52671755725191,159.966346153846
6.53625954198473,159.935096153846
6.54580152671756,159.836538461538
6.55534351145038,159.807692307692
6.56488549618321,159.699519230769
6.57442748091603,159.644230769231
6.58396946564885,159.528846153846
6.59351145038168,159.622596153846
6.6030534351145,159.625
6.61259541984733,159.728365384615
6.62213740458015,159.901442307692
6.63167938931298,160.127403846154
6.6412213740458,160.329326923077
6.65076335877863,160.600961538462
6.66030534351145,160.96875
6.66984732824427,161.370192307692
6.6793893129771,161.733173076923
6.68893129770992,162.120192307692
6.69847328244275,162.540865384615
6.70801526717557,162.9375
6.7175572519084,163.382211538462
6.72709923664122,163.769230769231
6.73664122137405,164.158653846154
6.74618320610687,164.512019230769
6.75572519083969,164.790865384615
6.76526717557252,165.064903846154
6.77480916030534,165.233173076923
6.78435114503817,165.413461538462
6.79389312977099,165.516826923077
6.80343511450382,165.59375
6.81297709923664,165.615384615385
6.82251908396946,165.5625
6.83206106870229,165.497596153846
6.84160305343511,165.3125
6.85114503816794,165.110576923077
6.86068702290076,164.75
6.87022900763359,164.432692307692
6.87977099236641,164.048076923077
6.88931297709924,163.629807692308
6.89885496183206,163.237980769231
6.90839694656488,162.802884615385
6.91793893129771,162.4375
6.92748091603053,162.072115384615
6.93702290076336,161.730769230769
6.94656488549618,161.480769230769
6.95610687022901,161.336538461538
6.96564885496183,161.076923076923
6.97519083969466,160.913461538462
6.98473282442748,160.673076923077
6.9942748091603,160.394230769231
7.00381679389313,160.055288461538
7.01335877862595,159.8125
7.02290076335878,159.526442307692
7.0324427480916,159.370192307692
7.04198473282443,159.225961538462
7.05152671755725,159.182692307692
7.06106870229008,159.247596153846
7.0706106870229,159.391826923077
7.08015267175572,159.533653846154
7.08969465648855,159.834134615385
7.09923664122137,160.055288461538
7.1087786259542,160.362980769231
7.11832061068702,160.735576923077
7.12786259541985,160.956730769231
7.13740458015267,161.213942307692
7.1469465648855,161.471153846154
7.15648854961832,161.759615384615
7.16603053435114,161.966346153846
7.17557251908397,162.223557692308
7.18511450381679,162.507211538462
7.19465648854962,162.826923076923
7.20419847328244,163.161057692308
7.21374045801527,163.423076923077
7.22328244274809,163.65625
7.23282442748092,163.862980769231
7.24236641221374,163.901442307692
7.25190839694656,163.973557692308
7.26145038167939,163.923076923077
7.27099236641221,163.824519230769
7.28053435114504,163.694711538462
7.29007633587786,163.584134615385
7.29961832061069,163.536057692308
7.30916030534351,163.483173076923
7.31870229007634,163.466346153846
7.32824427480916,163.552884615385
7.33778625954198,163.663461538462
7.34732824427481,163.735576923077
7.35687022900763,163.853365384615
7.36641221374046,163.867788461538
7.37595419847328,164.019230769231
7.38549618320611,164.173076923077
7.39503816793893,164.254807692308
7.40458015267175,164.350961538462
7.41412213740458,164.471153846154
7.4236641221374,164.629807692308
7.43320610687023,164.831730769231
7.44274809160305,165.050480769231
7.45229007633588,165.307692307692
7.4618320610687,165.507211538462
7.47137404580153,165.759615384615
7.48091603053435,165.923076923077
7.49045801526717,166.069711538462
7.5,166.201923076923
7.50954198473282,166.201923076923
7.51908396946565,166.290865384615
7.52862595419847,166.319711538462
7.5381679389313,166.319711538462
7.54770992366412,166.377403846154
7.55725190839695,166.459134615385
7.56679389312977,166.473557692308
7.57633587786259,166.581730769231
7.58587786259542,166.745192307692
7.59541984732824,166.891826923077
7.60496183206107,166.920673076923
7.61450381679389,166.961538461538
7.62404580152672,166.971153846154
7.63358778625954,166.992788461538
7.64312977099237,166.899038461538
7.65267175572519,166.867788461538
7.66221374045801,166.8125
7.67175572519084,166.774038461538
7.68129770992366,166.704326923077
7.69083969465649,166.711538461538
7.70038167938931,166.742788461538
7.70992366412214,166.721153846154
7.71946564885496,166.740384615385
7.72900763358779,166.673076923077
7.73854961832061,166.596153846154
7.74809160305343,166.473557692308
7.75763358778626,166.324519230769
7.76717557251908,166.161057692308
7.77671755725191,165.930288461538
7.78625954198473,165.826923076923
7.79580152671756,165.740384615385
7.80534351145038,165.612980769231
7.81488549618321,165.586538461538
7.82442748091603,165.560096153846
7.83396946564885,165.670673076923
7.84351145038168,165.798076923077
7.8530534351145,165.891826923077
7.86259541984733,165.966346153846
7.87213740458015,166.036057692308
7.88167938931298,166.168269230769
7.8912213740458,166.151442307692
7.90076335877863,166.168269230769
7.91030534351145,166.168269230769
7.91984732824427,166.112980769231
7.9293893129771,166.125
7.93893129770992,166.052884615385
7.94847328244275,165.96875
7.95801526717557,165.956730769231
7.9675572519084,165.848557692308
7.97709923664122,165.831730769231
7.98664122137405,165.788461538462
7.99618320610687,165.754807692308
8.00572519083969,165.735576923077
8.01526717557252,165.704326923077
8.02480916030534,165.661057692308
8.03435114503817,165.689903846154
8.04389312977099,165.663461538462
8.05343511450382,165.740384615385
8.06297709923664,165.737980769231
8.07251908396946,165.805288461538
8.08206106870229,165.788461538462
8.09160305343511,165.865384615385
8.10114503816794,165.838942307692
8.11068702290076,165.810096153846
8.12022900763359,165.757211538462
8.12977099236641,165.716346153846
8.13931297709924,165.548076923077
8.14885496183206,165.384615384615
8.15839694656488,165.221153846154
8.16793893129771,164.985576923077
8.17748091603053,164.75
8.18702290076336,164.46875
8.19656488549618,164.257211538462
8.20610687022901,164.088942307692
8.21564885496183,163.942307692308
8.22519083969466,163.817307692308
8.23473282442748,163.759615384615
8.2442748091603,163.766826923077
8.25381679389313,163.858173076923
8.26335877862595,163.923076923077
8.27290076335878,163.942307692308
8.2824427480916,164.026442307692
8.29198473282443,164.0625
8.30152671755725,164
8.31106870229008,163.870192307692
8.3206106870229,163.824519230769
8.33015267175572,163.59375
8.33969465648855,163.442307692308
8.34923664122137,163.262019230769
8.3587786259542,163.055288461538
8.36832061068702,162.927884615385
8.37786259541985,162.802884615385
8.38740458015267,162.65625
8.39694656488549,162.622596153846
8.40648854961832,162.572115384615
8.41603053435114,162.504807692308
8.42557251908397,162.495192307692
8.43511450381679,162.40625
8.44465648854962,162.341346153846
8.45419847328244,162.300480769231
8.46374045801527,162.334134615385
8.47328244274809,162.305288461538
8.48282442748092,162.447115384615
8.49236641221374,162.617788461538
8.50190839694656,162.826923076923
8.51145038167939,163.161057692308
8.52099236641221,163.540865384615
8.53053435114504,163.913461538462
8.54007633587786,164.324519230769
8.54961832061069,164.670673076923
8.55916030534351,165.048076923077
8.56870229007633,165.418269230769
8.57824427480916,165.783653846154
8.58778625954198,166.112980769231
8.59732824427481,166.326923076923
8.60687022900763,166.576923076923
8.61641221374046,166.891826923077
8.62595419847328,167.223557692308
8.63549618320611,167.427884615385
8.64503816793893,167.680288461538
8.65458015267176,167.858173076923
8.66412213740458,168.09375
8.6736641221374,168.21875
8.68320610687023,168.319711538462
8.69274809160305,168.420673076923
8.70229007633588,168.473557692308
8.7118320610687,168.487980769231
8.72137404580153,168.569711538462
8.73091603053435,168.572115384615
8.74045801526717,168.680288461538
8.75,168.742788461538
8.75954198473282,168.824519230769
8.76908396946565,168.894230769231
8.77862595419847,169.069711538462
8.7881679389313,169.105769230769
8.79770992366412,169.134615384615
8.80725190839695,169.177884615385
8.81679389312977,169.192307692308
8.8263358778626,169.1875
8.83587786259542,169.127403846154
8.84541984732824,169.002403846154
8.85496183206107,168.997596153846
8.86450381679389,168.987980769231
8.87404580152672,168.942307692308
8.88358778625954,168.959134615385
8.89312977099237,168.930288461538
8.90267175572519,168.949519230769
8.91221374045801,168.983173076923
8.92175572519084,168.978365384615
8.93129770992366,168.980769230769
8.94083969465649,169.03125
8.95038167938931,168.975961538462
8.95992366412214,169.038461538462
8.96946564885496,169.052884615385
8.97900763358779,169.108173076923
8.98854961832061,169.276442307692
8.99809160305343,169.538461538462
9.00763358778626,169.728365384615
9.01717557251908,170.033653846154
9.02671755725191,170.295673076923
9.03625954198473,170.600961538462
9.04580152671756,170.865384615385
9.05534351145038,171.096153846154
9.06488549618321,171.298076923077
9.07442748091603,171.480769230769
9.08396946564885,171.627403846154
9.09351145038168,171.795673076923
9.1030534351145,171.894230769231
9.11259541984733,172.055288461538
9.12213740458015,172.189903846154
9.13167938931298,172.396634615385
9.1412213740458,172.456730769231
9.15076335877862,172.521634615385
9.16030534351145,172.550480769231
9.16984732824427,172.528846153846
9.1793893129771,172.396634615385
9.18893129770992,172.194711538462
9.19847328244275,171.942307692308
9.20801526717557,171.591346153846
9.2175572519084,171.298076923077
9.22709923664122,171.004807692308
9.23664122137405,170.788461538462
9.24618320610687,170.538461538462
9.25572519083969,170.415865384615
9.26526717557252,170.288461538462
9.27480916030534,170.21875
9.28435114503817,170.117788461538
9.29389312977099,170.002403846154
9.30343511450382,169.858173076923
9.31297709923664,169.689903846154
9.32251908396946,169.459134615385
9.33206106870229,169.25
9.34160305343511,169
9.35114503816794,168.819711538462
9.36068702290076,168.637019230769
9.37022900763359,168.5
9.37977099236641,168.391826923077
9.38931297709924,168.305288461538
9.39885496183206,168.262019230769
9.40839694656488,168.189903846154
9.41793893129771,168.091346153846
9.42748091603053,168.043269230769
9.43702290076336,167.913461538462
9.44656488549618,167.745192307692
9.45610687022901,167.557692307692
9.46564885496183,167.459134615385
9.47519083969465,167.389423076923
9.48473282442748,167.362980769231
9.4942748091603,167.365384615385
9.50381679389313,167.420673076923
9.51335877862595,167.557692307692
9.52290076335878,167.584134615385
9.5324427480916,167.701923076923
9.54198473282443,167.747596153846
9.55152671755725,167.826923076923
9.56106870229008,167.786057692308
9.5706106870229,167.798076923077
9.58015267175572,167.759615384615
9.58969465648855,167.697115384615
9.59923664122137,167.728365384615
9.6087786259542,167.721153846154
9.61832061068702,167.725961538462
9.62786259541985,167.887019230769
9.63740458015267,167.947115384615
9.64694656488549,168.151442307692
9.65648854961832,168.290865384615
9.66603053435114,168.34375
9.67557251908397,168.423076923077
9.68511450381679,168.444711538462
9.69465648854962,168.355769230769
9.70419847328244,168.358173076923
9.71374045801527,168.144230769231
9.72328244274809,168.036057692308
9.73282442748092,167.954326923077
9.74236641221374,167.817307692308
9.75190839694656,167.644230769231
9.76145038167939,167.504807692308
9.77099236641221,167.346153846154
9.78053435114504,167.175480769231
9.79007633587786,166.889423076923
9.79961832061069,166.653846153846
9.80916030534351,166.40625
9.81870229007633,166.064903846154
9.82824427480916,165.677884615385
9.83778625954198,165.274038461538
9.84732824427481,164.9375
9.85687022900763,164.625
9.86641221374046,164.34375
9.87595419847328,164.026442307692
9.88549618320611,163.824519230769
9.89503816793893,163.620192307692
9.90458015267176,163.435096153846
9.91412213740458,163.262019230769
9.9236641221374,163.050480769231
9.93320610687023,162.793269230769
9.94274809160305,162.646634615385
9.95229007633588,162.370192307692
9.9618320610687,162.117788461538
9.97137404580153,161.927884615385
9.98091603053435,161.699519230769
9.99045801526717,161.528846153846
10,161.425480769231
10.0095419847328,161.331730769231
10.0190839694656,161.240384615385
10.0286259541985,161.228365384615
10.0381679389313,161.300480769231
10.0477099236641,161.365384615385
10.0572519083969,161.516826923077
10.0667938931298,161.569711538462
10.0763358778626,161.737980769231
10.0858778625954,161.959134615385
10.0954198473282,162.057692307692
10.1049618320611,162.252403846154
10.1145038167939,162.358173076923
10.1240458015267,162.59375
10.1335877862595,162.867788461538
10.1431297709924,163.009615384615
10.1526717557252,163.144230769231
10.162213740458,163.372596153846
10.1717557251908,163.459134615385
10.1812977099237,163.713942307692
10.1908396946565,163.817307692308
10.2003816793893,163.954326923077
10.2099236641221,164.105769230769
10.219465648855,164.153846153846
10.2290076335878,164.170673076923
10.2385496183206,164.158653846154
10.2480916030534,164.134615384615
10.2576335877863,164.120192307692
10.2671755725191,164.067307692308
10.2767175572519,163.947115384615
10.2862595419847,163.870192307692
10.2958015267176,163.699519230769
10.3053435114504,163.608173076923
10.3148854961832,163.439903846154
10.324427480916,163.326923076923
10.3339694656489,163.084134615385
10.3435114503817,162.903846153846
10.3530534351145,162.598557692308
10.3625954198473,162.300480769231
10.3721374045802,161.9375
10.381679389313,161.584134615385
10.3912213740458,161.225961538462
10.4007633587786,160.920673076923
10.4103053435114,160.564903846154
10.4198473282443,160.365384615385
10.4293893129771,160.144230769231
10.4389312977099,159.995192307692
10.4484732824427,159.836538461538
10.4580152671756,159.728365384615
10.4675572519084,159.653846153846
10.4770992366412,159.615384615385
10.486641221374,159.444711538462
10.4961832061069,159.401442307692
10.5057251908397,159.288461538462
10.5152671755725,159.153846153846
10.5248091603053,159.03125
10.5343511450382,159.052884615385
10.543893129771,159.064903846154
10.5534351145038,159.216346153846
10.5629770992366,159.353365384615
10.5725190839695,159.545673076923
10.5820610687023,159.858173076923
10.5916030534351,160.139423076923
10.6011450381679,160.3125
10.6106870229008,160.557692307692
10.6202290076336,160.735576923077
10.6297709923664,161.024038461538
10.6393129770992,161.151442307692
10.6488549618321,161.233173076923
10.6583969465649,161.403846153846
10.6679389312977,161.560096153846
10.6774809160305,161.65625
10.6870229007634,161.855769230769
10.6965648854962,162.038461538462
10.706106870229,162.257211538462
10.7156488549618,162.423076923077
10.7251908396947,162.569711538462
10.7347328244275,162.668269230769
10.7442748091603,162.737980769231
10.7538167938931,162.800480769231
10.763358778626,162.75
10.7729007633588,162.699519230769
10.7824427480916,162.764423076923
10.7919847328244,162.790865384615
10.8015267175573,162.769230769231
10.8110687022901,162.766826923077
10.8206106870229,162.84375
10.8301526717557,163.002403846154
10.8396946564885,163.086538461538
10.8492366412214,163.134615384615
10.8587786259542,163.177884615385
10.868320610687,163.170673076923
10.8778625954198,163.165865384615
10.8874045801527,163.09375
10.8969465648855,163.072115384615
10.9064885496183,163.158653846154
10.9160305343511,163.180288461538
10.925572519084,163.329326923077
10.9351145038168,163.456730769231
10.9446564885496,163.612980769231
10.9541984732824,163.807692307692
10.9637404580153,164.081730769231
10.9732824427481,164.329326923077
10.9828244274809,164.528846153846
10.9923664122137,164.584134615385
11.0019083969466,164.721153846154
11.0114503816794,164.848557692308
11.0209923664122,164.959134615385
11.030534351145,165.100961538462
11.0400763358779,165.358173076923
11.0496183206107,165.639423076923
11.0591603053435,165.923076923077
11.0687022900763,166.367788461538
11.0782442748092,166.752403846154
11.087786259542,167.192307692308
11.0973282442748,167.550480769231
11.1068702290076,167.814903846154
11.1164122137405,168.007211538462
11.1259541984733,168.161057692308
11.1354961832061,168.209134615385
11.1450381679389,168.307692307692
11.1545801526718,168.295673076923
11.1641221374046,168.370192307692
11.1736641221374,168.350961538462
11.1832061068702,168.447115384615
11.1927480916031,168.557692307692
11.2022900763359,168.615384615385
11.2118320610687,168.728365384615
11.2213740458015,168.846153846154
11.2309160305344,168.790865384615
11.2404580152672,168.701923076923
11.25,168.533653846154
11.2595419847328,168.365384615385
11.2690839694656,168.069711538462
11.2786259541985,167.860576923077
11.2881679389313,167.694711538462
11.2977099236641,167.507211538462
11.3072519083969,167.425480769231
11.3167938931298,167.298076923077
11.3263358778626,167.295673076923
11.3358778625954,167.423076923077
11.3454198473282,167.507211538462
11.3549618320611,167.670673076923
11.3645038167939,167.826923076923
11.3740458015267,168.004807692308
11.3835877862595,168.21875
11.3931297709924,168.411057692308
11.4026717557252,168.627403846154
11.412213740458,168.793269230769
11.4217557251908,169.024038461538
11.4312977099237,169.209134615385
11.4408396946565,169.442307692308
11.4503816793893,169.5625
11.4599236641221,169.78125
11.469465648855,169.896634615385
11.4790076335878,169.947115384615
11.4885496183206,170.048076923077
11.4980916030534,170.074519230769
11.5076335877863,170.084134615385
11.5171755725191,170.060096153846
11.5267175572519,169.985576923077
11.5362595419847,169.985576923077
11.5458015267176,169.829326923077
11.5553435114504,169.757211538462
11.5648854961832,169.697115384615
11.574427480916,169.588942307692
11.5839694656489,169.480769230769
11.5935114503817,169.411057692308
11.6030534351145,169.394230769231
11.6125954198473,169.314903846154
11.6221374045802,169.21875
11.631679389313,169.254807692308
11.6412213740458,169.25
11.6507633587786,169.201923076923
11.6603053435114,169.192307692308
11.6698473282443,169.134615384615
11.6793893129771,169.129807692308
11.6889312977099,169.084134615385
11.6984732824427,168.956730769231
11.7080152671756,168.887019230769
11.7175572519084,168.807692307692
11.7270992366412,168.713942307692
11.736641221374,168.685096153846
11.7461832061069,168.682692307692
11.7557251908397,168.692307692308
11.7652671755725,168.745192307692
11.7748091603053,168.764423076923
11.7843511450382,168.838942307692
11.793893129771,168.992788461538
11.8034351145038,169.134615384615
11.8129770992366,169.298076923077
11.8225190839695,169.487980769231
11.8320610687023,169.634615384615
11.8416030534351,169.798076923077
11.8511450381679,170.0625
11.8606870229008,170.298076923077
11.8702290076336,170.572115384615
11.8797709923664,170.846153846154
11.8893129770992,171.163461538462
11.8988549618321,171.394230769231
11.9083969465649,171.586538461538
11.9179389312977,171.721153846154
11.9274809160305,171.831730769231
11.9370229007634,171.826923076923
11.9465648854962,171.829326923077
11.956106870229,171.802884615385
11.9656488549618,171.675480769231
11.9751908396947,171.564903846154
11.9847328244275,171.456730769231
11.9942748091603,171.331730769231
12.0038167938931,171.274038461538
12.013358778626,171.177884615385
12.0229007633588,171.122596153846
12.0324427480916,171.040865384615
12.0419847328244,171.002403846154
12.0515267175573,170.956730769231
12.0610687022901,171.026442307692
12.0706106870229,171.028846153846
12.0801526717557,171.045673076923
12.0896946564885,171.146634615385
12.0992366412214,171.206730769231
12.1087786259542,171.3125
12.118320610687,171.483173076923
12.1278625954198,171.576923076923
12.1374045801527,171.831730769231
12.1469465648855,171.966346153846
12.1564885496183,172.237980769231
12.1660305343511,172.538461538462
12.175572519084,172.793269230769
12.1851145038168,173.115384615385
12.1946564885496,173.454326923077
12.2041984732824,173.692307692308
12.2137404580153,174.175480769231
12.2232824427481,174.475961538462
12.2328244274809,174.879807692308
12.2423664122137,175.3125
12.2519083969466,175.721153846154
12.2614503816794,176.108173076923
12.2709923664122,176.403846153846
12.280534351145,176.627403846154
12.2900763358779,176.783653846154
12.2996183206107,176.826923076923
12.3091603053435,176.875
12.3187022900763,176.853365384615
12.3282442748092,176.795673076923
12.337786259542,176.694711538462
12.3473282442748,176.632211538462
12.3568702290076,176.528846153846
12.3664122137405,176.608173076923
12.3759541984733,176.555288461538
12.3854961832061,176.627403846154
12.3950381679389,176.644230769231
12.4045801526718,176.706730769231
12.4141221374046,176.706730769231
12.4236641221374,176.673076923077
12.4332061068702,176.5
12.4427480916031,176.355769230769
12.4522900763359,176.153846153846
12.4618320610687,175.918269230769
12.4713740458015,175.632211538462
12.4809160305343,175.389423076923
12.4904580152672,175.149038461538
12.5,174.963942307692
12.5095419847328,174.798076923077
12.5190839694656,174.641826923077
12.5286259541985,174.403846153846
12.5381679389313,174.242788461538
12.5477099236641,174.088942307692
12.5572519083969,173.834134615385
12.5667938931298,173.552884615385
12.5763358778626,173.302884615385
12.5858778625954,173.076923076923
12.5954198473282,172.84375
12.6049618320611,172.651442307692
12.6145038167939,172.449519230769
12.6240458015267,172.40625
12.6335877862595,172.310096153846
12.6431297709924,172.209134615385
12.6526717557252,172.197115384615
12.662213740458,172.180288461538
12.6717557251908,172.144230769231
12.6812977099237,172.153846153846
12.6908396946565,172.076923076923
12.7003816793893,171.925480769231
12.7099236641221,171.831730769231
12.719465648855,171.713942307692
12.7290076335878,171.617788461538
12.7385496183206,171.483173076923
12.7480916030534,171.480769230769
12.7576335877863,171.375
12.7671755725191,171.348557692308
12.7767175572519,171.293269230769
12.7862595419847,171.259615384615
12.7958015267176,171.252403846154
12.8053435114504,171.25
12.8148854961832,171.197115384615
12.824427480916,171.204326923077
12.8339694656489,171.264423076923
12.8435114503817,171.372596153846
12.8530534351145,171.540865384615
12.8625954198473,171.725961538462
12.8721374045802,171.947115384615
12.881679389313,172.228365384615
12.8912213740458,172.454326923077
12.9007633587786,172.704326923077
12.9103053435114,172.862980769231
12.9198473282443,173.079326923077
12.9293893129771,173.170673076923
12.9389312977099,173.233173076923
12.9484732824427,173.221153846154
12.9580152671756,173.180288461538
12.9675572519084,173.206730769231
12.9770992366412,173.1875
12.986641221374,173.115384615385
12.9961832061069,173.168269230769
13.0057251908397,173.245192307692
13.0152671755725,173.307692307692
13.0248091603053,173.401442307692
13.0343511450382,173.423076923077
13.043893129771,173.408653846154
13.0534351145038,173.213942307692
13.0629770992366,173.072115384615
13.0725190839695,172.920673076923
13.0820610687023,172.670673076923
13.0916030534351,172.396634615385
13.1011450381679,172.177884615385
13.1106870229008,171.963942307692
13.1202290076336,171.834134615385
13.1297709923664,171.692307692308
13.1393129770992,171.706730769231
13.1488549618321,171.680288461538
13.1583969465649,171.725961538462
13.1679389312977,171.71875
13.1774809160305,171.663461538462
13.1870229007634,171.603365384615
13.1965648854962,171.528846153846
13.206106870229,171.540865384615
13.2156488549618,171.521634615385
13.2251908396947,171.564903846154
13.2347328244275,171.596153846154
13.2442748091603,171.716346153846
13.2538167938931,171.872596153846
13.263358778626,172.103365384615
13.2729007633588,172.192307692308
13.2824427480916,172.451923076923
13.2919847328244,172.639423076923
13.3015267175573,172.8125
13.3110687022901,172.918269230769
13.3206106870229,173.03125
13.3301526717557,173.185096153846
13.3396946564885,173.288461538462
13.3492366412214,173.430288461538
13.3587786259542,173.608173076923
13.368320610687,173.829326923077
13.3778625954198,174.060096153846
13.3874045801527,174.242788461538
13.3969465648855,174.439903846154
13.4064885496183,174.538461538462
13.4160305343511,174.514423076923
13.425572519084,174.425480769231
13.4351145038168,174.228365384615
13.4446564885496,173.995192307692
13.4541984732824,173.706730769231
13.4637404580153,173.319711538462
13.4732824427481,172.971153846154
13.4828244274809,172.584134615385
13.4923664122137,172.21875
13.5019083969466,171.923076923077
13.5114503816794,171.649038461538
13.5209923664122,171.485576923077
13.530534351145,171.247596153846
13.5400763358779,171.040865384615
13.5496183206107,170.850961538462
13.5591603053435,170.658653846154
13.5687022900763,170.442307692308
13.5782442748092,170.269230769231
13.587786259542,170.007211538462
13.5973282442748,169.990384615385
13.6068702290076,169.834134615385
13.6164122137405,169.850961538462
13.6259541984733,169.879807692308
13.6354961832061,169.954326923077
13.6450381679389,170.076923076923
13.6545801526718,170.173076923077
13.6641221374046,170.302884615385
13.6736641221374,170.512019230769
13.6832061068702,170.59375
13.6927480916031,170.783653846154
13.7022900763359,170.939903846154
13.7118320610687,171.108173076923
13.7213740458015,171.274038461538
13.7309160305343,171.552884615385
13.7404580152672,171.836538461538
13.75,172.189903846154
13.7595419847328,172.480769230769
13.7690839694656,172.817307692308
13.7786259541985,173.137019230769
13.7881679389313,173.461538461538
13.7977099236641,173.682692307692
13.8072519083969,173.889423076923
13.8167938931298,174.105769230769
13.8263358778626,174.324519230769
13.8358778625954,174.456730769231
13.8454198473282,174.46875
13.8549618320611,174.548076923077
13.8645038167939,174.677884615385
13.8740458015267,174.723557692308
13.8835877862595,174.737980769231
13.8931297709924,174.800480769231
13.9026717557252,174.850961538462
13.912213740458,174.884615384615
13.9217557251908,174.814903846154
13.9312977099237,174.737980769231
13.9408396946565,174.6875
13.9503816793893,174.610576923077
13.9599236641221,174.538461538462
13.969465648855,174.427884615385
13.9790076335878,174.28125
13.9885496183206,174.173076923077
13.9980916030534,174.048076923077
14.0076335877863,173.954326923077
14.0171755725191,173.810096153846
14.0267175572519,173.603365384615
14.0362595419847,173.403846153846
14.0458015267176,173.216346153846
14.0553435114504,172.915865384615
14.0648854961832,172.663461538462
14.074427480916,172.365384615385
14.0839694656489,172.064903846154
14.0935114503817,171.694711538462
14.1030534351145,171.290865384615
14.1125954198473,170.90625
14.1221374045802,170.591346153846
14.131679389313,170.264423076923
14.1412213740458,169.908653846154
14.1507633587786,169.608173076923
14.1603053435114,169.391826923077
