"Date: 11/19/2019 11:13:50 AM"
0
#TRUE#,#FALSE#,#FALSE#
#TRUE#
64.2,64.2,64.2
"E:\Scan 2\Coral_2_2_3_DLAB1.bmp"
""
83,407,1642,444,1647,219,88,182
1560
0,182.87610619469
1.55763239875389E-02,183.252212389381
3.11526479750779E-02,183.836283185841
4.67289719626168E-02,184.203539823009
6.23052959501558E-02,184.699115044248
7.78816199376947E-02,185.088495575221
9.34579439252337E-02,185.393805309735
.109034267912773,185.446902654867
.124610591900312,185.455752212389
.14018691588785,185.203539823009
.155763239875389,185.154867256637
.171339563862928,185.053097345133
.186915887850467,184.946902654867
.202492211838006,185.088495575221
.218068535825545,185.172566371681
.233644859813084,185.274336283186
.249221183800623,185.438053097345
.264797507788162,185.553097345133
.280373831775701,185.752212389381
.29595015576324,185.654867256637
.311526479750779,185.818584070796
.327102803738318,185.592920353982
.342679127725857,185.553097345133
.358255451713396,185.323008849558
.373831775700935,184.898230088496
.389408099688474,184.371681415929
.404984423676013,183.814159292035
.420560747663552,183.252212389381
.43613707165109,182.632743362832
.451713395638629,182.137168141593
.467289719626168,181.725663716814
.482866043613707,181.557522123894
.498442367601246,181.446902654867
.514018691588785,181.446902654867
.529595015576324,181.544247787611
.545171339563863,181.725663716814
.560747663551402,181.814159292035
.576323987538941,181.880530973451
.59190031152648,181.836283185841
.607476635514019,181.672566371681
.623052959501558,181.676991150442
.638629283489097,181.579646017699
.654205607476636,181.725663716814
.669781931464175,181.646017699115
.685358255451713,181.765486725664
.700934579439252,181.738938053097
.716510903426791,181.734513274336
.73208722741433,181.646017699115
.747663551401869,181.508849557522
.763239875389408,181.261061946903
.778816199376947,180.964601769911
.794392523364486,180.734513274336
.809968847352025,180.451327433628
.825545171339564,180.146017699115
.841121495327103,179.827433628319
.856697819314642,179.650442477876
.872274143302181,179.530973451327
.88785046728972,179.615044247788
.903426791277259,179.650442477876
.919003115264798,179.725663716814
.934579439252337,179.858407079646
.950155763239876,179.969026548673
.965732087227415,179.858407079646
.981308411214953,179.62389380531
.996884735202492,179.349557522124
1.01246105919003,179.03982300885
1.02803738317757,178.871681415929
1.04361370716511,178.464601769911
1.05919003115265,178.212389380531
1.07476635514019,177.823008849558
1.09034267912773,177.561946902655
1.10591900311527,177.336283185841
1.1214953271028,177.185840707965
1.13707165109034,177.137168141593
1.15264797507788,177.101769911504
1.16822429906542,177.137168141593
1.18380062305296,177.075221238938
1.1993769470405,177.181415929204
1.21495327102804,177.172566371681
1.23052959501558,177.29203539823
1.24610591900312,177.464601769911
1.26168224299065,177.637168141593
1.27725856697819,177.836283185841
1.29283489096573,178.030973451327
1.30841121495327,178.29203539823
1.32398753894081,178.455752212389
1.33956386292835,178.738938053097
1.35514018691589,178.991150442478
1.37071651090343,179.287610619469
1.38629283489097,179.530973451327
1.4018691588785,179.752212389381
1.41744548286604,180.017699115044
1.43302180685358,180.150442477876
1.44859813084112,180.389380530973
1.46417445482866,180.672566371681
1.4797507788162,180.920353982301
1.49532710280374,181.026548672566
1.51090342679128,181.092920353982
1.52647975077882,181.092920353982
1.54205607476636,181.070796460177
1.55763239875389,180.898230088496
1.57320872274143,181
1.58878504672897,181.216814159292
1.60436137071651,181.46017699115
1.61993769470405,181.827433628319
1.63551401869159,182.234513274336
1.65109034267913,182.234513274336
1.66666666666667,182.336283185841
1.68224299065421,182.216814159292
1.69781931464174,182.20796460177
1.71339563862928,182.008849557522
1.72897196261682,181.938053097345
1.74454828660436,181.955752212389
1.7601246105919,182.12389380531
1.77570093457944,182.247787610619
1.79127725856698,182.411504424779
1.80685358255452,182.592920353982
1.82242990654206,182.765486725664
1.8380062305296,182.920353982301
1.85358255451713,182.814159292035
1.86915887850467,182.672566371681
1.88473520249221,182.380530973451
1.90031152647975,181.787610619469
1.91588785046729,181.230088495575
1.93146417445483,180.433628318584
1.94704049844237,179.756637168142
1.96261682242991,179.070796460177
1.97819314641745,178.446902654867
1.99376947040498,178.03982300885
2.00934579439252,177.756637168142
2.02492211838006,177.606194690265
2.0404984423676,177.663716814159
2.05607476635514,177.858407079646
2.07165109034268,178.212389380531
2.08722741433022,178.588495575221
2.10280373831776,179.12389380531
2.1183800623053,179.588495575221
2.13395638629284,179.938053097345
2.14953271028037,180.216814159292
2.16510903426791,180.230088495575
2.18068535825545,180.119469026549
2.19626168224299,180.061946902655
2.21183800623053,179.823008849558
2.22741433021807,179.575221238938
2.24299065420561,179.429203539823
2.25856697819315,179.380530973451
2.27414330218069,179.349557522124
2.28971962616822,179.424778761062
2.30529595015576,179.318584070796
2.3208722741433,179.579646017699
2.33644859813084,179.849557522124
2.35202492211838,180.150442477876
2.36760124610592,180.530973451327
2.38317757009346,181.044247787611
2.398753894081,181.504424778761
2.41433021806854,181.862831858407
2.42990654205608,182.261061946903
2.44548286604361,182.477876106195
2.46105919003115,182.730088495575
2.47663551401869,182.938053097345
2.49221183800623,183.20796460177
2.50778816199377,183.345132743363
2.52336448598131,183.610619469027
2.53894080996885,183.800884955752
2.55451713395639,183.955752212389
2.57009345794393,184.026548672566
2.58566978193146,184.252212389381
2.601246105919,184.438053097345
2.61682242990654,184.601769911504
2.63239875389408,184.747787610619
2.64797507788162,184.884955752212
2.66355140186916,185.154867256637
2.6791277258567,185.274336283186
2.69470404984424,185.553097345133
2.71028037383178,185.761061946903
2.72585669781932,185.929203539823
2.74143302180685,186.106194690265
2.75700934579439,186.16814159292
2.77258566978193,186.203539823009
2.78816199376947,186.053097345133
2.80373831775701,185.862831858407
2.81931464174455,185.676991150442
2.83489096573209,185.362831858407
2.85046728971963,184.986725663717
2.86604361370717,184.619469026549
2.8816199376947,184.398230088496
2.89719626168224,184.278761061947
2.91277258566978,184.199115044248
2.92834890965732,184.243362831858
2.94392523364486,184.283185840708
2.9595015576324,184.411504424779
2.97507788161994,184.730088495575
2.99065420560748,184.973451327434
3.00623052959502,185.141592920354
3.02180685358256,185.318584070796
3.03738317757009,185.438053097345
3.05295950155763,185.513274336283
3.06853582554517,185.424778761062
3.08411214953271,185.37610619469
3.09968847352025,185.309734513274
3.11526479750779,185.300884955752
3.13084112149533,185.353982300885
3.14641744548287,185.380530973451
3.16199376947041,185.46017699115
3.17757009345794,185.455752212389
3.19314641744548,185.703539823009
3.20872274143302,185.867256637168
3.22429906542056,185.995575221239
3.2398753894081,186.141592920354
3.25545171339564,186.252212389381
3.27102803738318,186.384955752212
3.28660436137072,186.238938053097
3.30218068535826,186.106194690265
3.3177570093458,185.840707964602
3.33333333333333,185.544247787611
3.34890965732087,185.33185840708
3.36448598130841,185.172566371681
3.38006230529595,185.190265486726
3.39563862928349,185.393805309735
3.41121495327103,185.827433628319
3.42679127725857,186.305309734513
3.44236760124611,186.889380530973
3.45794392523365,187.530973451327
3.47352024922118,187.91592920354
3.48909657320872,188.172566371681
3.50467289719626,188.101769911504
3.5202492211838,188.035398230089
3.53582554517134,187.814159292035
3.55140186915888,187.380530973451
3.56697819314642,186.814159292035
3.58255451713396,186.309734513274
3.5981308411215,185.933628318584
3.61370716510904,185.159292035398
3.62928348909657,184.725663716814
3.64485981308411,184.345132743363
3.66043613707165,184.03982300885
3.67601246105919,183.986725663717
3.69158878504673,184.08407079646
3.70716510903427,184.389380530973
3.72274143302181,184.694690265487
3.73831775700935,184.991150442478
3.75389408099689,185.146017699115
3.76947040498442,185.269911504425
3.78504672897196,185.212389380531
3.8006230529595,185.035398230089
3.81619937694704,184.601769911504
3.83177570093458,184.097345132743
3.84735202492212,183.5
3.86292834890966,182.814159292035
3.8785046728972,182.092920353982
3.89408099688474,181.464601769911
3.90965732087227,180.853982300885
3.92523364485981,180.402654867257
3.94080996884735,180.013274336283
3.95638629283489,179.951327433628
3.97196261682243,179.969026548673
3.98753894080997,180.070796460177
4.00311526479751,179.982300884956
4.01869158878505,180.181415929204
4.03426791277259,180.283185840708
4.04984423676013,180.486725663717
4.06542056074766,180.70796460177
4.0809968847352,180.734513274336
4.09657320872274,180.734513274336
4.11214953271028,180.530973451327
4.12772585669782,180.230088495575
4.14330218068536,179.858407079646
4.1588785046729,179.508849557522
4.17445482866044,179.247787610619
4.19003115264798,179.212389380531
4.20560747663551,179.225663716814
4.22118380062305,179.380530973451
4.23676012461059,179.526548672566
4.25233644859813,179.880530973451
4.26791277258567,180.079646017699
4.28348909657321,180.429203539823
4.29906542056075,180.659292035398
4.31464174454829,181.004424778761
4.33021806853583,181.247787610619
4.34579439252337,181.362831858407
4.3613707165109,181.261061946903
4.37694704049844,181.066371681416
4.39252336448598,180.756637168142
4.40809968847352,180.336283185841
4.42367601246106,179.867256637168
4.4392523364486,179.433628318584
4.45482866043614,178.973451327434
4.47040498442368,178.752212389381
4.48598130841122,178.530973451327
4.50155763239875,178.451327433628
4.51713395638629,178.508849557522
4.53271028037383,178.526548672566
4.54828660436137,178.756637168142
4.56386292834891,178.884955752212
4.57943925233645,179.044247787611
4.59501557632399,178.955752212389
4.61059190031153,178.942477876106
4.62616822429907,178.862831858407
4.64174454828661,178.654867256637
4.65732087227414,178.522123893805
4.67289719626168,178.092920353982
4.68847352024922,177.774336283186
4.70404984423676,177.327433628319
4.7196261682243,176.796460176991
4.73520249221184,176.256637168142
4.75077881619938,175.716814159292
4.76635514018692,175.234513274336
4.78193146417446,174.796460176991
4.79750778816199,174.274336283186
4.81308411214953,173.951327433628
4.82866043613707,173.473451327434
4.84423676012461,173.261061946903
4.85981308411215,173.106194690265
4.87538940809969,173.079646017699
4.89096573208723,173.132743362832
4.90654205607477,173.247787610619
4.92211838006231,173.41592920354
4.93769470404984,173.221238938053
4.95327102803738,173.256637168142
4.96884735202492,173.119469026549
4.98442367601246,173.030973451327
5,172.853982300885
5.01557632398754,172.685840707965
5.03115264797508,172.41592920354
5.04672897196262,172.070796460177
5.06230529595016,171.880530973451
5.0778816199377,171.641592920354
5.09345794392523,171.41592920354
5.10903426791277,171.323008849558
5.12461059190031,171.358407079646
5.14018691588785,171.243362831858
5.15576323987539,171.163716814159
5.17133956386293,171.154867256637
5.18691588785047,171.230088495575
5.20249221183801,171.238938053097
5.21806853582555,171.327433628319
5.23364485981308,171.561946902655
5.24922118380062,171.725663716814
5.26479750778816,171.884955752212
5.2803738317757,172.004424778761
5.29595015576324,172.101769911504
5.31152647975078,172.075221238938
5.32710280373832,172.017699115044
5.34267912772586,171.858407079646
5.3582554517134,171.690265486726
5.37383177570094,171.53982300885
5.38940809968847,171.33185840708
5.40498442367601,171.137168141593
5.42056074766355,170.964601769911
5.43613707165109,170.858407079646
5.45171339563863,170.743362831858
5.46728971962617,170.783185840708
5.48286604361371,170.681415929204
5.49844236760125,170.814159292035
5.51401869158879,170.862831858407
5.52959501557632,170.787610619469
5.54517133956386,170.805309734513
5.5607476635514,170.805309734513
5.57632398753894,170.814159292035
5.59190031152648,171.03982300885
5.60747663551402,171.075221238938
5.62305295950156,171.030973451327
5.6386292834891,170.982300884956
5.65420560747664,170.738938053097
5.66978193146418,170.451327433628
5.68535825545171,170.190265486726
5.70093457943925,169.96017699115
5.71651090342679,169.787610619469
5.73208722741433,169.579646017699
5.74766355140187,169.570796460177
5.76323987538941,169.561946902655
5.77881619937695,169.526548672566
5.79439252336449,169.650442477876
5.80996884735203,169.853982300885
5.82554517133956,170.176991150442
5.8411214953271,170.544247787611
5.85669781931464,170.889380530973
5.87227414330218,171.389380530973
5.88785046728972,171.721238938053
5.90342679127726,171.911504424779
5.9190031152648,172.159292035398
5.93457943925234,172.199115044248
5.95015576323988,172.194690265487
5.96573208722742,172.141592920354
5.98130841121495,172.026548672566
5.99688473520249,171.87610619469
6.01246105919003,171.871681415929
6.02803738317757,171.871681415929
6.04361370716511,171.898230088496
6.05919003115265,171.938053097345
6.07476635514019,172.008849557522
6.09034267912773,172.16814159292
6.10591900311527,172.261061946903
6.1214953271028,172.402654867257
6.13707165109034,172.548672566372
6.15264797507788,172.871681415929
6.16822429906542,173.119469026549
6.18380062305296,173.362831858407
6.1993769470405,173.610619469027
6.21495327102804,173.62389380531
6.23052959501558,173.380530973451
6.24610591900312,173.022123893805
6.26168224299066,172.66814159292
6.27725856697819,172.221238938053
6.29283489096573,171.774336283186
6.30841121495327,171.362831858407
6.32398753894081,170.889380530973
6.33956386292835,170.517699115044
6.35514018691589,170.340707964602
6.37071651090343,170.300884955752
6.38629283489097,170.345132743363
6.40186915887851,170.592920353982
6.41744548286604,170.87610619469
6.43302180685358,171.101769911504
6.44859813084112,171.305309734513
6.46417445482866,171.451327433628
6.4797507788162,171.398230088496
6.49532710280374,171.349557522124
6.51090342679128,171.243362831858
6.52647975077882,171.079646017699
6.54205607476636,170.730088495575
6.5576323987539,170.393805309735
6.57320872274143,170.035398230089
6.58878504672897,169.637168141593
6.60436137071651,169.318584070796
6.61993769470405,169.128318584071
6.63551401869159,169.044247787611
6.65109034267913,169.044247787611
6.66666666666667,169.137168141593
6.68224299065421,169.234513274336
6.69781931464175,169.353982300885
6.71339563862928,169.384955752212
6.72897196261682,169.407079646018
6.74454828660436,169.429203539823
6.7601246105919,169.362831858407
6.77570093457944,169.221238938053
6.79127725856698,168.995575221239
6.80685358255452,168.756637168142
6.82242990654206,168.37610619469
6.8380062305296,168.017699115044
6.85358255451714,167.716814159292
6.86915887850467,167.446902654867
6.88473520249221,167.327433628319
6.90031152647975,167.33185840708
6.91588785046729,167.429203539823
6.93146417445483,167.774336283186
6.94704049844237,167.933628318584
6.96261682242991,168.216814159292
6.97819314641745,168.278761061947
6.99376947040499,168.256637168142
7.00934579439252,168.221238938053
7.02492211838006,167.955752212389
7.0404984423676,167.761061946903
7.05607476635514,167.579646017699
7.07165109034268,167.420353982301
7.08722741433022,167.269911504425
7.10280373831776,166.995575221239
7.1183800623053,166.716814159292
7.13395638629284,166.407079646018
7.14953271028037,166.221238938053
7.16510903426791,166.185840707965
7.18068535825545,166.185840707965
7.19626168224299,166.097345132743
7.21183800623053,166.030973451327
7.22741433021807,165.884955752212
7.24299065420561,165.796460176991
7.25856697819315,165.716814159292
7.27414330218069,165.619469026549
7.28971962616823,165.752212389381
7.30529595015576,165.938053097345
7.3208722741433,166.203539823009
7.33644859813084,166.592920353982
7.35202492211838,166.853982300885
7.36760124610592,166.991150442478
7.38317757009346,167.017699115044
7.398753894081,167.075221238938
7.41433021806854,167.066371681416
7.42990654205608,167.106194690265
7.44548286604361,167.221238938053
7.46105919003115,167.287610619469
7.47663551401869,167.234513274336
7.49221183800623,167.075221238938
7.50778816199377,166.982300884956
7.52336448598131,166.646017699115
7.53894080996885,166.389380530973
7.55451713395639,166.066371681416
7.57009345794393,166.08407079646
7.58566978193147,166.137168141593
7.601246105919,166.247787610619
7.61682242990654,166.442477876106
7.63239875389408,166.570796460177
7.64797507788162,166.676991150442
7.66355140186916,166.752212389381
7.6791277258567,166.814159292035
7.69470404984424,167.070796460177
7.71028037383178,167.300884955752
7.72585669781932,167.650442477876
7.74143302180685,167.938053097345
7.75700934579439,168.212389380531
7.77258566978193,168.247787610619
7.78816199376947,168.199115044248
7.80373831775701,168.013274336283
7.81931464174455,167.663716814159
7.83489096573209,167.194690265487
7.85046728971963,166.703539823009
7.86604361370717,166.16814159292
7.88161993769471,165.743362831858
7.89719626168224,165.323008849558
7.91277258566978,164.964601769911
7.92834890965732,164.853982300885
7.94392523364486,164.738938053097
7.9595015576324,164.597345132743
7.97507788161994,164.464601769911
7.99065420560748,164.398230088496
8.00623052959502,164.389380530973
8.02180685358256,164.482300884956
8.0373831775701,164.628318584071
8.05295950155763,164.969026548673
8.06853582554517,165.380530973451
8.08411214953271,165.79203539823
8.09968847352025,166.070796460177
8.11526479750779,166.221238938053
8.13084112149533,166.41592920354
8.14641744548287,166.455752212389
8.16199376947041,166.442477876106
8.17757009345794,166.41592920354
8.19314641744548,166.486725663717
8.20872274143302,166.579646017699
8.22429906542056,166.867256637168
8.2398753894081,167.318584070796
8.25545171339564,167.87610619469
8.27102803738318,168.504424778761
8.28660436137072,169.243362831858
8.30218068535826,170.070796460177
8.3177570093458,171.008849557522
8.33333333333333,171.783185840708
8.34890965732087,172.33185840708
8.36448598130841,172.796460176991
8.38006230529595,173.199115044248
8.39563862928349,173.362831858407
8.41121495327103,173.508849557522
8.42679127725857,173.619469026549
8.44236760124611,173.637168141593
8.45794392523365,173.610619469027
8.47352024922118,173.641592920354
8.48909657320872,173.632743362832
8.50467289719626,173.615044247788
8.5202492211838,173.796460176991
8.53582554517134,173.756637168142
8.55140186915888,173.685840707965
8.56697819314642,173.504424778761
8.58255451713396,173.323008849558
8.5981308411215,173.176991150442
8.61370716510904,173.053097345133
8.62928348909657,172.969026548673
8.64485981308411,173.110619469027
8.66043613707165,173.367256637168
8.67601246105919,173.553097345133
8.69158878504673,173.725663716814
8.70716510903427,173.592920353982
8.72274143302181,173.402654867257
8.73831775700935,173.044247787611
8.75389408099689,172.663716814159
8.76947040498442,172.309734513274
8.78504672897196,172.119469026549
8.8006230529595,172.008849557522
8.81619937694704,171.977876106195
8.83177570093458,172.030973451327
8.84735202492212,172.128318584071
8.86292834890966,171.902654867257
8.8785046728972,171.743362831858
8.89408099688474,171.725663716814
8.90965732087228,171.681415929204
8.92523364485981,171.5
8.94080996884735,171.29203539823
8.95638629283489,171.150442477876
8.97196261682243,171.008849557522
8.98753894080997,171
9.00311526479751,170.924778761062
9.01869158878505,170.933628318584
9.03426791277259,170.884955752212
9.04984423676013,170.884955752212
9.06542056074766,170.769911504425
9.0809968847352,170.632743362832
9.09657320872274,170.561946902655
9.11214953271028,170.398230088496
9.12772585669782,170.300884955752
9.14330218068536,170.216814159292
9.1588785046729,169.982300884956
9.17445482866044,169.840707964602
9.19003115264798,169.694690265487
9.20560747663552,169.597345132743
9.22118380062305,169.402654867257
9.23676012461059,169.384955752212
9.25233644859813,169.300884955752
9.26791277258567,169.269911504425
9.28348909657321,169.367256637168
9.29906542056075,169.424778761062
9.31464174454829,169.438053097345
9.33021806853583,169.349557522124
9.34579439252337,169.309734513274
9.3613707165109,169.16814159292
9.37694704049844,169.092920353982
9.39252336448598,168.938053097345
9.40809968847352,168.907079646018
9.42367601246106,168.867256637168
9.4392523364486,168.840707964602
9.45482866043614,168.818584070796
9.47040498442368,168.849557522124
9.48598130841122,168.991150442478
9.50155763239876,169.035398230089
9.51713395638629,168.796460176991
9.53271028037383,168.725663716814
9.54828660436137,168.641592920354
9.56386292834891,168.566371681416
9.57943925233645,168.424778761062
9.59501557632399,168.12389380531
9.61059190031153,167.818584070796
9.62616822429907,167.526548672566
9.64174454828661,167.119469026549
9.65732087227414,166.681415929204
9.67289719626168,166.225663716814
9.68847352024922,165.814159292035
9.70404984423676,165.424778761062
9.7196261682243,165.230088495575
9.73520249221184,165.057522123894
9.75077881619938,165
9.76635514018692,164.880530973451
9.78193146417446,165.035398230089
9.797507788162,165.092920353982
9.81308411214953,165.106194690265
9.82866043613707,165.185840707965
9.84423676012461,165.309734513274
9.85981308411215,165.287610619469
9.87538940809969,165.141592920354
9.89096573208723,164.800884955752
9.90654205607477,164.508849557522
9.92211838006231,164.044247787611
9.93769470404985,163.46017699115
9.95327102803738,163.013274336283
9.96884735202492,162.508849557522
9.98442367601246,162.16814159292
10,161.858407079646
10.0155763239875,161.433628318584
10.0311526479751,160.991150442478
10.0467289719626,160.411504424779
10.0623052959502,159.933628318584
10.0778816199377,159.424778761062
10.0934579439252,159.004424778761
10.1090342679128,158.592920353982
10.1246105919003,158.314159292035
10.1401869158879,158.119469026549
10.1557632398754,157.991150442478
10.1713395638629,157.880530973451
10.1869158878505,158.057522123894
10.202492211838,158.29203539823
10.2180685358255,158.619469026549
10.2336448598131,159
10.2492211838006,159.606194690265
10.2647975077882,160.008849557522
10.2803738317757,160.185840707965
10.2959501557632,160.353982300885
10.3115264797508,160.37610619469
10.3271028037383,160.345132743363
10.3426791277259,160.340707964602
10.3582554517134,160.20796460177
10.3738317757009,160.16814159292
10.3894080996885,160.230088495575
10.404984423676,160.159292035398
10.4205607476636,160.075221238938
10.4361370716511,159.871681415929
10.4517133956386,159.606194690265
10.4672897196262,159.309734513274
10.4828660436137,159.159292035398
10.4984423676012,159.132743362832
10.5140186915888,159.29203539823
10.5295950155763,159.570796460177
10.5451713395639,160.030973451327
10.5607476635514,160.756637168142
10.5763239875389,161.41592920354
10.5919003115265,162.314159292035
10.607476635514,163.199115044248
10.6230529595016,163.964601769911
10.6386292834891,164.5
10.6542056074766,165.075221238938
10.6697819314642,165.491150442478
10.6853582554517,165.681415929204
10.7009345794393,165.690265486726
10.7165109034268,165.681415929204
10.7320872274143,165.517699115044
10.7476635514019,165.216814159292
10.7632398753894,164.973451327434
10.7788161993769,164.676991150442
10.7943925233645,164.464601769911
10.809968847352,164.247787610619
10.8255451713396,164.176991150442
10.8411214953271,163.575221238938
10.8566978193146,163.327433628319
10.8722741433022,162.91592920354
10.8878504672897,162.70796460177
10.9034267912773,162.451327433628
10.9190031152648,162.265486725664
10.9345794392523,162.455752212389
10.9501557632399,162.690265486726
10.9657320872274,162.995575221239
10.981308411215,163.407079646018
10.9968847352025,164.022123893805
11.01246105919,164.46017699115
11.0280373831776,164.911504424779
11.0436137071651,165.371681415929
11.0591900311526,165.805309734513
11.0747663551402,166.132743362832
11.0903426791277,166.367256637168
11.1059190031153,166.451327433628
11.1214953271028,166.628318584071
11.1370716510903,166.575221238938
11.1526479750779,166.33185840708
11.1682242990654,166.088495575221
11.183800623053,165.70796460177
11.1993769470405,165.455752212389
11.214953271028,165.044247787611
11.2305295950156,164.566371681416
11.2461059190031,164.274336283186
11.2616822429907,164.013274336283
11.2772585669782,163.836283185841
11.2928348909657,163.756637168142
11.3084112149533,163.902654867257
11.3239875389408,164.132743362832
11.3395638629284,164.438053097345
11.3551401869159,165.075221238938
11.3707165109034,165.601769911504
11.386292834891,166.234513274336
11.4018691588785,166.783185840708
11.417445482866,167.29203539823
11.4330218068536,167.694690265487
11.4485981308411,168.061946902655
11.4641744548287,168.225663716814
11.4797507788162,168.305309734513
11.4953271028037,168.345132743363
11.5109034267913,168.053097345133
11.5264797507788,167.734513274336
11.5420560747664,167.557522123894
11.5576323987539,167.269911504425
11.5732087227414,167.057522123894
11.588785046729,166.800884955752
11.6043613707165,166.517699115044
11.6199376947041,166.097345132743
11.6355140186916,165.676991150442
11.6510903426791,165.221238938053
11.6666666666667,164.743362831858
11.6822429906542,164.358407079646
11.6978193146417,164.163716814159
11.7133956386293,164.154867256637
11.7289719626168,164.146017699115
11.7445482866044,164.349557522124
11.7601246105919,164.712389380531
11.7757009345794,165.150442477876
11.791277258567,165.535398230089
11.8068535825545,166.092920353982
11.8224299065421,166.672566371681
11.8380062305296,166.951327433628
11.8535825545171,167.29203539823
11.8691588785047,167.367256637168
11.8847352024922,167.367256637168
11.9003115264798,167.106194690265
11.9158878504673,166.87610619469
11.9314641744548,166.663716814159
11.9470404984424,166.637168141593
11.9626168224299,166.712389380531
11.9781931464174,166.827433628319
11.993769470405,167.026548672566
12.0093457943925,167.03982300885
12.0249221183801,167.017699115044
12.0404984423676,166.942477876106
12.0560747663551,166.818584070796
12.0716510903427,166.79203539823
12.0872274143302,166.862831858407
12.1028037383178,166.969026548673
12.1183800623053,167.110619469027
12.1339563862928,167.247787610619
12.1495327102804,167.384955752212
12.1651090342679,167.411504424779
12.1806853582555,167.566371681416
12.196261682243,167.814159292035
12.2118380062305,168.141592920354
12.2274143302181,168.588495575221
12.2429906542056,169.066371681416
12.2585669781931,169.544247787611
12.2741433021807,169.995575221239
12.2897196261682,170.234513274336
12.3052959501558,170.526548672566
12.3208722741433,170.637168141593
12.3364485981308,170.566371681416
12.3520249221184,170.402654867257
12.3676012461059,170.075221238938
12.3831775700935,169.730088495575
12.398753894081,169.243362831858
12.4143302180685,168.663716814159
12.4299065420561,168.03982300885
12.4454828660436,167.5
12.4610591900312,167.115044247788
12.4766355140187,166.823008849558
12.4922118380062,166.734513274336
12.5077881619938,166.743362831858
12.5233644859813,166.946902654867
12.5389408099688,167.230088495575
12.5545171339564,167.424778761062
12.5700934579439,167.597345132743
12.5856697819315,167.725663716814
12.601246105919,167.933628318584
12.6168224299065,168.044247787611
12.6323987538941,168.318584070796
12.6479750778816,168.592920353982
12.6635514018692,168.774336283186
12.6791277258567,169.004424778761
12.6947040498442,169.03982300885
12.7102803738318,169.154867256637
12.7258566978193,169.061946902655
12.7414330218069,169.026548672566
12.7570093457944,169.022123893805
12.7725856697819,169.03982300885
12.7881619937695,169.097345132743
12.803738317757,169.216814159292
12.8193146417446,169.08407079646
12.8348909657321,168.849557522124
12.8504672897196,168.345132743363
12.8660436137072,167.796460176991
12.8816199376947,167.137168141593
12.8971962616822,166.455752212389
12.9127725856698,166.013274336283
12.9283489096573,165.561946902655
12.9439252336449,165.115044247788
12.9595015576324,164.769911504425
12.9750778816199,164.53982300885
12.9906542056075,164.371681415929
13.006230529595,164.199115044248
13.0218068535826,164.026548672566
13.0373831775701,164.030973451327
13.0529595015576,164.008849557522
13.0685358255452,164.137168141593
13.0841121495327,164.349557522124
13.0996884735203,164.486725663717
13.1152647975078,164.690265486726
13.1308411214953,164.853982300885
13.1464174454829,164.982300884956
13.1619937694704,164.91592920354
13.1775700934579,164.672566371681
13.1931464174455,164.424778761062
13.208722741433,164.119469026549
13.2242990654206,163.716814159292
13.2398753894081,163.358407079646
13.2554517133956,162.991150442478
13.2710280373832,162.592920353982
13.2866043613707,162.20796460177
13.3021806853583,161.703539823009
13.3177570093458,161.137168141593
13.3333333333333,160.557522123894
13.3489096573209,160
13.3644859813084,159.530973451327
13.380062305296,159.075221238938
13.3956386292835,158.783185840708
13.411214953271,158.561946902655
13.4267912772586,158.380530973451
13.4423676012461,158.216814159292
13.4579439252336,158.075221238938
13.4735202492212,157.977876106195
13.4890965732087,157.862831858407
13.5046728971963,157.805309734513
13.5202492211838,157.765486725664
13.5358255451713,157.752212389381
13.5514018691589,157.66814159292
13.5669781931464,157.5
13.582554517134,157.411504424779
13.5981308411215,157.300884955752
13.613707165109,157.225663716814
13.6292834890966,157.106194690265
13.6448598130841,156.893805309735
13.6604361370717,156.628318584071
13.6760124610592,156.269911504425
13.6915887850467,155.796460176991
13.7071651090343,155.46017699115
13.7227414330218,154.907079646018
13.7383177570093,154.402654867257
13.7538940809969,153.845132743363
13.7694704049844,153.287610619469
13.785046728972,152.858407079646
13.8006230529595,152.495575221239
13.816199376947,152.097345132743
13.8317757009346,151.597345132743
13.8473520249221,151.243362831858
13.8629283489097,150.840707964602
13.8785046728972,150.570796460177
13.8940809968847,150.451327433628
13.9096573208723,150.393805309735
13.9252336448598,150.358407079646
13.9408099688474,150.336283185841
13.9563862928349,150.261061946903
13.9719626168224,150.238938053097
13.98753894081,150.172566371681
14.0031152647975,150.199115044248
14.018691588785,150.203539823009
14.0342679127726,150.345132743363
14.0498442367601,150.53982300885
14.0654205607477,150.845132743363
14.0809968847352,151.141592920354
14.0965732087227,151.367256637168
14.1121495327103,151.752212389381
14.1277258566978,152.079646017699
14.1433021806854,152.176991150442
14.1588785046729,152.256637168142
14.1744548286604,152.33185840708
14.190031152648,152.29203539823
14.2056074766355,152.199115044248
14.2211838006231,152.075221238938
14.2367601246106,151.871681415929
14.2523364485981,151.610619469027
14.2679127725857,151.420353982301
14.2834890965732,151.070796460177
14.2990654205607,150.654867256637
14.3146417445483,150.20796460177
14.3302180685358,149.632743362832
14.3457943925234,149.234513274336
14.3613707165109,148.703539823009
14.3769470404984,148.300884955752
14.392523364486,147.951327433628
14.4080996884735,147.796460176991
14.4236760124611,147.716814159292
14.4392523364486,147.58407079646
14.4548286604361,147.455752212389
14.4704049844237,147.530973451327
14.4859813084112,147.654867256637
14.5015576323988,147.703539823009
14.5171339563863,147.893805309735
14.5327102803738,148.030973451327
14.5482866043614,148.190265486726
14.5638629283489,148.482300884956
14.5794392523365,148.769911504425
14.595015576324,149.061946902655
14.6105919003115,149.287610619469
14.6261682242991,149.473451327434
14.6417445482866,149.650442477876
14.6573208722741,149.836283185841
14.6728971962617,150.115044247788
14.6884735202492,150.393805309735
14.7040498442368,150.685840707965
14.7196261682243,151.08407079646
14.7352024922118,151.407079646018
14.7507788161994,151.79203539823
14.7663551401869,152.08407079646
14.7819314641745,152.446902654867
14.797507788162,152.672566371681
14.8130841121495,152.911504424779
14.8286604361371,153.03982300885
14.8442367601246,153.128318584071
14.8598130841122,153.022123893805
14.8753894080997,152.893805309735
14.8909657320872,152.761061946903
14.9065420560748,152.477876106195
14.9221183800623,152.20796460177
14.9376947040498,152.035398230089
14.9532710280374,151.699115044248
14.9688473520249,151.526548672566
14.9844236760125,151.176991150442
15,150.911504424779
15.0155763239875,150.685840707965
15.0311526479751,150.579646017699
15.0467289719626,150.495575221239
15.0623052959502,150.513274336283
15.0778816199377,150.610619469027
15.0934579439252,150.738938053097
15.1090342679128,150.902654867257
15.1246105919003,151.097345132743
15.1401869158879,151.247787610619
15.1557632398754,151.384955752212
15.1713395638629,151.398230088496
15.1869158878505,151.526548672566
15.202492211838,151.774336283186
15.2180685358255,151.938053097345
15.2336448598131,152.358407079646
15.2492211838006,152.721238938053
15.2647975077882,153.261061946903
15.2803738317757,153.96017699115
15.2959501557632,154.628318584071
15.3115264797508,155.185840707965
15.3271028037383,155.924778761062
15.3426791277259,156.659292035398
15.3582554517134,157.318584070796
15.3738317757009,157.778761061947
15.3894080996885,158.110619469027
15.404984423676,158.300884955752
15.4205607476636,158.265486725664
15.4361370716511,157.676991150442
15.4517133956386,157.154867256637
15.4672897196262,156.433628318584
15.4828660436137,155.592920353982
15.4984423676012,154.774336283186
15.5140186915888,153.929203539823
15.5295950155763,153.265486725664
15.5451713395639,152.650442477876
15.5607476635514,152.314159292035
15.5763239875389,152.101769911504
15.5919003115265,152.128318584071
15.607476635514,152.29203539823
15.6230529595016,152.553097345133
15.6386292834891,152.969026548673
15.6542056074766,153.247787610619
15.6697819314642,153.58407079646
15.6853582554517,154.057522123894
15.7009345794393,154.371681415929
15.7165109034268,154.690265486726
15.7320872274143,154.902654867257
15.7476635514019,155.176991150442
15.7632398753894,155.402654867257
15.7788161993769,155.561946902655
15.7943925233645,155.893805309735
15.809968847352,156.287610619469
15.8255451713396,157.044247787611
15.8411214953271,157.83185840708
15.8566978193146,158.79203539823
15.8722741433022,159.752212389381
15.8878504672897,160.575221238938
15.9034267912773,161.464601769911
15.9190031152648,162.146017699115
15.9345794392523,162.433628318584
15.9501557632399,162.743362831858
15.9657320872274,162.752212389381
15.981308411215,162.738938053097
15.9968847352025,162.265486725664
16.01246105919,161.690265486726
16.0280373831776,161.044247787611
16.0436137071651,160.323008849558
16.0591900311526,159.66814159292
16.0747663551402,159.221238938053
16.0903426791277,158.730088495575
16.1059190031153,158.778761061947
16.1214953271028,158.721238938053
16.1370716510903,158.942477876106
16.1526479750779,159.163716814159
16.1682242990654,159.358407079646
16.183800623053,159.632743362832
16.1993769470405,159.787610619469
16.214953271028,160.048672566372
16.2305295950156,160.190265486726
16.2461059190031,160.517699115044
16.2616822429907,160.805309734513
16.2772585669782,161.092920353982
16.2928348909657,161.486725663717
16.3084112149533,161.911504424779
16.3239875389408,162.353982300885
16.3395638629284,163.017699115044
16.3551401869159,163.765486725664
16.3707165109034,164.650442477876
16.386292834891,165.566371681416
16.4018691588785,166.601769911504
16.417445482866,167.526548672566
16.4330218068536,168.349557522124
16.4485981308411,169.070796460177
16.4641744548287,169.486725663717
16.4797507788162,169.902654867257
16.4953271028037,170.03982300885
16.5109034267913,170.110619469027
16.5264797507788,170.092920353982
16.5420560747664,169.973451327434
16.5576323987539,169.592920353982
16.5732087227414,169.079646017699
16.588785046729,168.482300884956
16.6043613707165,167.880530973451
16.6199376947041,167.243362831858
16.6355140186916,166.796460176991
16.6510903426791,166.473451327434
16.6666666666667,166.274336283186
16.6822429906542,166.300884955752
16.6978193146417,166.33185840708
16.7133956386293,166.309734513274
16.7289719626168,166.327433628319
16.7445482866044,166.407079646018
16.7601246105919,166.327433628319
16.7757009345794,166.358407079646
16.791277258567,166.389380530973
16.8068535825545,166.438053097345
16.8224299065421,166.340707964602
16.8380062305296,166.265486725664
16.8535825545171,166.088495575221
16.8691588785047,166.070796460177
16.8847352024922,166.079646017699
16.9003115264798,166.256637168142
16.9158878504673,166.694690265487
16.9314641744548,167.132743362832
16.9470404984424,167.345132743363
16.9626168224299,167.725663716814
16.9781931464175,167.969026548673
16.993769470405,168.20796460177
17.0093457943925,168.185840707965
17.0249221183801,168.296460176991
17.0404984423676,168.535398230089
17.0560747663551,168.774336283186
17.0716510903427,168.845132743363
17.0872274143302,169.128318584071
17.1028037383178,169.256637168142
17.1183800623053,169.513274336283
17.1339563862928,169.606194690265
17.1495327102804,169.429203539823
17.1651090342679,169.221238938053
17.1806853582555,168.836283185841
17.196261682243,168.407079646018
17.2118380062305,167.592920353982
17.2274143302181,166.849557522124
17.2429906542056,166.305309734513
17.2585669781931,165.911504424779
17.2741433021807,165.517699115044
17.2897196261682,165.336283185841
17.3052959501558,165.159292035398
17.3208722741433,164.889380530973
17.3364485981308,164.769911504425
17.3520249221184,164.712389380531
17.3676012461059,164.588495575221
17.3831775700935,164.721238938053
17.398753894081,165.106194690265
17.4143302180685,165.420353982301
17.4299065420561,165.907079646018
17.4454828660436,166.380530973451
17.4610591900312,167.048672566372
17.4766355140187,167.579646017699
17.4922118380062,168.146017699115
17.5077881619938,168.615044247788
17.5233644859813,169.234513274336
17.5389408099689,169.83185840708
17.5545171339564,170.296460176991
17.5700934579439,170.703539823009
17.5856697819315,171
17.601246105919,171.088495575221
17.6168224299065,170.942477876106
17.6323987538941,170.424778761062
17.6479750778816,169.973451327434
17.6635514018692,169.615044247788
17.6791277258567,169.106194690265
17.6947040498442,168.867256637168
17.7102803738318,168.685840707965
17.7258566978193,168.676991150442
17.7414330218069,168.58407079646
17.7570093457944,168.446902654867
17.7725856697819,168.389380530973
17.7881619937695,168.234513274336
17.803738317757,168
17.8193146417446,167.823008849558
17.8348909657321,167.663716814159
17.8504672897196,167.402654867257
17.8660436137072,167.230088495575
17.8816199376947,167.106194690265
17.8971962616822,166.995575221239
17.9127725856698,166.79203539823
17.9283489096573,166.738938053097
17.9439252336449,166.66814159292
17.9595015576324,166.58407079646
17.9750778816199,166.761061946903
17.9906542056075,166.871681415929
18.006230529595,167.150442477876
18.0218068535826,167.336283185841
18.0373831775701,167.561946902655
18.0529595015576,167.628318584071
18.0685358255452,167.615044247788
18.0841121495327,167.610619469027
18.0996884735203,167.5
18.1152647975078,167.216814159292
18.1308411214953,166.977876106195
18.1464174454829,166.716814159292
18.1619937694704,166.473451327434
18.1775700934579,166.172566371681
18.1931464174455,165.995575221239
18.208722741433,165.942477876106
18.2242990654206,166.004424778761
18.2398753894081,166.261061946903
18.2554517133956,166.601769911504
18.2710280373832,167.026548672566
18.2866043613707,167.548672566372
18.3021806853583,168.101769911504
18.3177570093458,168.535398230089
18.3333333333333,168.946902654867
18.3489096573209,169.420353982301
18.3644859813084,169.690265486726
18.380062305296,169.942477876106
18.3956386292835,170
18.411214953271,169.911504424779
18.4267912772586,169.672566371681
18.4423676012461,169.256637168142
18.4579439252336,168.884955752212
18.4735202492212,168.411504424779
18.4890965732087,167.946902654867
18.5046728971963,167.659292035398
18.5202492211838,167.336283185841
18.5358255451713,167.035398230089
18.5514018691589,166.814159292035
18.5669781931464,166.650442477876
18.582554517134,166.66814159292
18.5981308411215,166.548672566372
18.613707165109,166.703539823009
18.6292834890966,166.862831858407
18.6448598130841,167.053097345133
18.6604361370717,167.199115044248
18.6760124610592,167.513274336283
18.6915887850467,167.730088495575
18.7071651090343,168.172566371681
18.7227414330218,168.473451327434
18.7383177570093,168.800884955752
18.7538940809969,169
18.7694704049844,169.044247787611
18.785046728972,168.955752212389
18.8006230529595,168.805309734513
18.816199376947,168.672566371681
18.8317757009346,168.128318584071
18.8473520249221,167.942477876106
18.8629283489097,167.469026548673
18.8785046728972,167
18.8940809968847,166.681415929204
18.9096573208723,166.194690265487
18.9252336448598,165.898230088496
18.9408099688474,165.889380530973
18.9563862928349,166.022123893805
18.9719626168224,166.238938053097
18.98753894081,166.814159292035
19.0031152647975,167.362831858407
19.0186915887851,167.986725663717
19.0342679127726,168.579646017699
19.0498442367601,169.283185840708
19.0654205607477,169.867256637168
19.0809968847352,170.190265486726
19.0965732087227,170.314159292035
19.1121495327103,170.442477876106
19.1277258566978,170.371681415929
19.1433021806854,170.384955752212
19.1588785046729,170.353982300885
19.1744548286604,170.402654867257
19.190031152648,170.37610619469
19.2056074766355,170.314159292035
19.2211838006231,170.216814159292
19.2367601246106,169.858407079646
19.2523364485981,169.62389380531
19.2679127725857,169.402654867257
19.2834890965732,169.154867256637
19.2990654205608,169.079646017699
19.3146417445483,169.16814159292
19.3302180685358,169.438053097345
19.3457943925234,169.70796460177
19.3613707165109,170.181415929204
19.3769470404984,170.637168141593
19.392523364486,171.128318584071
19.4080996884735,171.579646017699
19.4236760124611,172.070796460177
19.4392523364486,172.570796460177
19.4548286604361,173.061946902655
19.4704049844237,173.575221238938
19.4859813084112,174.110619469027
19.5015576323988,174.557522123894
19.5171339563863,174.849557522124
19.5327102803738,175.132743362832
19.5482866043614,175.579646017699
19.5638629283489,175.814159292035
19.5794392523365,175.867256637168
19.595015576324,175.969026548673
19.6105919003115,175.800884955752
19.6261682242991,175.513274336283
19.6417445482866,175.132743362832
19.6573208722741,174.681415929204
19.6728971962617,174.349557522124
19.6884735202492,174.092920353982
19.7040498442368,174.16814159292
19.7196261682243,174.37610619469
19.7352024922118,174.592920353982
19.7507788161994,175.03982300885
19.7663551401869,175.230088495575
19.7819314641745,175.513274336283
19.797507788162,175.615044247788
19.8130841121495,175.853982300885
19.8286604361371,176.097345132743
19.8442367601246,176.522123893805
19.8598130841122,177.08407079646
19.8753894080997,177.592920353982
19.8909657320872,178.08407079646
19.9065420560748,178.429203539823
19.9221183800623,178.570796460177
19.9376947040498,178.469026548673
19.9532710280374,178.398230088496
19.9688473520249,178.265486725664
19.9844236760125,178.035398230089
20,177.982300884956
20.0155763239875,177.862831858407
20.0311526479751,177.756637168142
20.0467289719626,177.70796460177
20.0623052959502,177.632743362832
20.0778816199377,177.566371681416
20.0934579439252,177.380530973451
20.1090342679128,177.176991150442
20.1246105919003,177.026548672566
20.1401869158879,176.769911504425
20.1557632398754,176.734513274336
20.1713395638629,176.694690265487
20.1869158878505,176.969026548673
20.202492211838,177.309734513274
20.2180685358255,177.743362831858
20.2336448598131,178.247787610619
20.2492211838006,178.747787610619
20.2647975077882,179.336283185841
20.2803738317757,179.827433628319
20.2959501557632,180.20796460177
20.3115264797508,180.566371681416
20.3271028037383,180.880530973451
20.3426791277259,181.079646017699
20.3582554517134,181.132743362832
20.3738317757009,181.12389380531
20.3894080996885,181.048672566372
20.404984423676,180.902654867257
20.4205607476636,180.690265486726
20.4361370716511,180.309734513274
20.4517133956386,179.920353982301
20.4672897196262,179.495575221239
20.4828660436137,179.181415929204
20.4984423676013,178.924778761062
20.5140186915888,178.765486725664
20.5295950155763,178.685840707965
20.5451713395639,178.783185840708
20.5607476635514,179.097345132743
20.5763239875389,179.389380530973
20.5919003115265,179.845132743363
20.607476635514,180.393805309735
20.6230529595016,180.946902654867
20.6386292834891,181.566371681416
20.6542056074766,182.212389380531
20.6697819314642,182.734513274336
20.6853582554517,183.088495575221
20.7009345794393,183.464601769911
20.7165109034268,183.566371681416
20.7320872274143,183.526548672566
20.7476635514019,183.424778761062
20.7632398753894,183.305309734513
20.778816199377,183.070796460177
20.7943925233645,182.840707964602
20.809968847352,182.513274336283
20.8255451713396,182.190265486726
20.8411214953271,181.765486725664
20.8566978193146,181.287610619469
20.8722741433022,181.221238938053
20.8878504672897,181.026548672566
20.9034267912773,180.924778761062
20.9190031152648,180.977876106195
20.9345794392523,181.154867256637
20.9501557632399,181.305309734513
20.9657320872274,181.654867256637
20.981308411215,182.150442477876
20.9968847352025,182.787610619469
21.01246105919,183.66814159292
21.0280373831776,184.716814159292
21.0436137071651,185.778761061947
21.0591900311527,186.685840707965
21.0747663551402,187.442477876106
21.0903426791277,188.106194690265
21.1059190031153,188.491150442478
21.1214953271028,188.5
21.1370716510903,188.287610619469
21.1526479750779,187.933628318584
21.1682242990654,187.41592920354
21.183800623053,186.730088495575
21.1993769470405,185.845132743363
21.214953271028,185.119469026549
21.2305295950156,184.433628318584
21.2461059190031,183.898230088496
21.2616822429907,183.46017699115
21.2772585669782,183.101769911504
21.2928348909657,183.061946902655
21.3084112149533,183.296460176991
21.3239875389408,183.699115044248
21.3395638629284,184.362831858407
21.3551401869159,185.358407079646
21.3707165109034,186.358407079646
21.386292834891,187.553097345133
21.4018691588785,188.712389380531
21.417445482866,189.712389380531
21.4330218068536,190.37610619469
21.4485981308411,190.871681415929
21.4641744548287,191.066371681416
21.4797507788162,190.964601769911
21.4953271028037,190.548672566372
21.5109034267913,189.893805309735
21.5264797507788,189.16814159292
21.5420560747664,188.283185840708
21.5576323987539,187.367256637168
21.5732087227414,186.225663716814
21.588785046729,185.203539823009
21.6043613707165,184.243362831858
21.6199376947041,183.522123893805
21.6355140186916,183.070796460177
21.6510903426791,183.044247787611
21.6666666666667,183.362831858407
21.6822429906542,184.070796460177
21.6978193146417,184.87610619469
21.7133956386293,185.893805309735
21.7289719626168,186.96017699115
21.7445482866044,187.867256637168
21.7601246105919,188.544247787611
21.7757009345794,188.951327433628
21.791277258567,189.283185840708
21.8068535825545,189.212389380531
21.8224299065421,189.053097345133
21.8380062305296,188.805309734513
21.8535825545171,188.473451327434
21.8691588785047,188.070796460177
21.8847352024922,187.650442477876
21.9003115264798,187.216814159292
21.9158878504673,186.522123893805
21.9314641744548,185.87610619469
21.9470404984424,185.132743362832
21.9626168224299,184.526548672566
21.9781931464175,184.119469026549
21.993769470405,183.703539823009
22.0093457943925,183.712389380531
22.0249221183801,184.053097345133
22.0404984423676,184.592920353982
22.0560747663551,185.243362831858
22.0716510903427,185.893805309735
22.0872274143302,186.393805309735
22.1028037383178,187.035398230089
22.1183800623053,187.362831858407
22.1339563862928,187.676991150442
22.1495327102804,187.62389380531
22.1651090342679,187.575221238938
22.1806853582555,187.469026548673
22.196261682243,187.16814159292
22.2118380062305,186.920353982301
22.2274143302181,186.53982300885
22.2429906542056,186.234513274336
22.2585669781932,185.752212389381
22.2741433021807,185.358407079646
22.2897196261682,184.973451327434
22.3052959501558,184.761061946903
22.3208722741433,184.703539823009
22.3364485981308,184.721238938053
22.3520249221184,184.955752212389
22.3676012461059,185.464601769911
22.3831775700935,185.880530973451
22.398753894081,186.424778761062
22.4143302180685,186.778761061947
22.4299065420561,187
22.4454828660436,186.845132743363
22.4610591900312,186.592920353982
22.4766355140187,186.20796460177
22.4922118380062,185.796460176991
22.5077881619938,185.451327433628
22.5233644859813,185.216814159292
22.5389408099689,185.146017699115
22.5545171339564,185.190265486726
22.5700934579439,185.256637168142
22.5856697819315,185.455752212389
22.601246105919,185.522123893805
22.6168224299065,185.756637168142
22.6323987538941,185.964601769911
22.6479750778816,186.079646017699
22.6635514018692,186.20796460177
22.6791277258567,186.159292035398
22.6947040498442,186.203539823009
22.7102803738318,186.030973451327
22.7258566978193,185.827433628319
22.7414330218069,185.345132743363
22.7570093457944,184.902654867257
22.7725856697819,184.429203539823
22.7881619937695,183.946902654867
22.803738317757,183.548672566372
22.8193146417446,183.150442477876
22.8348909657321,182.699115044248
22.8504672897196,182.154867256637
22.8660436137072,181.66814159292
22.8816199376947,181.150442477876
22.8971962616822,180.53982300885
22.9127725856698,180.004424778761
22.9283489096573,179.575221238938
22.9439252336449,179.225663716814
22.9595015576324,179.097345132743
22.9750778816199,179.066371681416
22.9906542056075,179.030973451327
23.006230529595,178.938053097345
23.0218068535826,178.889380530973
23.0373831775701,178.765486725664
23.0529595015576,178.513274336283
23.0685358255452,178.225663716814
23.0841121495327,177.800884955752
23.0996884735203,177.477876106195
23.1152647975078,176.942477876106
23.1308411214953,176.46017699115
23.1464174454829,175.898230088496
23.1619937694704,175.296460176991
23.1775700934579,174.796460176991
23.1931464174455,174.433628318584
23.208722741433,174.203539823009
23.2242990654206,173.942477876106
23.2398753894081,173.694690265487
23.2554517133956,173.619469026549
23.2710280373832,173.349557522124
23.2866043613707,172.977876106195
23.3021806853583,173.057522123894
23.3177570093458,172.911504424779
23.3333333333333,173.079646017699
23.3489096573209,173.101769911504
23.3644859813084,173.190265486726
23.380062305296,173.181415929204
23.3956386292835,173.16814159292
23.411214953271,172.96017699115
23.4267912772586,172.823008849558
23.4423676012461,172.721238938053
23.4579439252337,172.446902654867
23.4735202492212,172.566371681416
23.4890965732087,172.433628318584
23.5046728971963,172.429203539823
23.5202492211838,172.504424778761
23.5358255451713,172.566371681416
23.5514018691589,172.579646017699
23.5669781931464,172.712389380531
23.582554517134,172.849557522124
23.5981308411215,173.163716814159
23.613707165109,173.442477876106
23.6292834890966,173.809734513274
23.6448598130841,174.026548672566
23.6604361370717,174.190265486726
23.6760124610592,174.265486725664
23.6915887850467,174.371681415929
23.7071651090343,174.672566371681
23.7227414330218,174.880530973451
23.7383177570094,175.327433628319
23.7538940809969,175.809734513274
23.7694704049844,176.420353982301
23.785046728972,176.938053097345
23.8006230529595,177.367256637168
23.816199376947,177.849557522124
23.8317757009346,178.212389380531
23.8473520249221,178.646017699115
23.8629283489097,179.16814159292
23.8785046728972,179.628318584071
23.8940809968847,180.384955752212
23.9096573208723,181.022123893805
23.9252336448598,181.690265486726
23.9408099688474,182.367256637168
23.9563862928349,182.535398230089
23.9719626168224,182.818584070796
23.98753894081,182.91592920354
24.0031152647975,182.800884955752
24.0186915887851,182.814159292035
24.0342679127726,182.637168141593
24.0498442367601,182.464601769911
24.0654205607477,182.411504424779
24.0809968847352,182.513274336283
24.0965732087227,182.566371681416
24.1121495327103,182.570796460177
24.1277258566978,182.747787610619
24.1433021806854,182.920353982301
24.1588785046729,183.20796460177
24.1744548286604,183.464601769911
24.190031152648,183.933628318584
24.2056074766355,184.358407079646
24.2211838006231,184.893805309735
24.2367601246106,185.526548672566
24.2523364485981,186.261061946903
24.2679127725857,186.938053097345
24.2834890965732,187.66814159292
