"Date: 11/19/2019 10:43:58 AM"
0
#TRUE#,#FALSE#,#FALSE#
#TRUE#
103,102.8,102.999961421791
"E:\Scan 1\OFRA4_Coral_1_1_6.bmp"
""
221,652,1663,672,1668,283,226,263
1443
0,213.548717948718
9.70874150044519E-03,213.687179487179
1.94174830008904E-02,213.879487179487
2.91262245013356E-02,214.120512820513
3.88349660017808E-02,214.469230769231
.048543707502226,214.738461538462
5.82524490026711E-02,215.053846153846
6.79611905031163E-02,215.397435897436
7.76699320035615E-02,215.661538461538
8.73786735040067E-02,215.879487179487
9.70874150044519E-02,216.110256410256
.106796156504897,216.253846153846
.116504898005342,216.351282051282
.126213639505787,216.307692307692
.135922381006233,216.317948717949
.145631122506678,216.269230769231
.155339864007123,216.310256410256
.165048605507568,216.251282051282
.174757347008013,216.305128205128
.184466088508459,216.251282051282
.194174830008904,216.320512820513
.203883571509349,216.423076923077
.213592313009794,216.497435897436
.223301054510239,216.646153846154
.233009796010685,216.876923076923
.24271853751113,217.076923076923
.252427279011575,217.246153846154
.26213602051202,217.448717948718
.271844762012465,217.54358974359
.281553503512911,217.674358974359
.291262245013356,217.792307692308
.300970986513801,217.797435897436
.310679728014246,217.858974358974
.320388469514691,217.848717948718
.330097211015136,217.774358974359
.339805952515582,217.74358974359
.349514694016027,217.625641025641
.359223435516472,217.492307692308
.368932177016917,217.35641025641
.378640918517362,217.217948717949
.388349660017808,217.125641025641
.398058401518253,216.933333333333
.407767143018698,216.771794871795
.417475884519143,216.569230769231
.427184626019588,216.366666666667
.436893367520034,216.128205128205
.446602109020479,215.887179487179
.456310850520924,215.579487179487
.466019592021369,215.358974358974
.475728333521814,215.074358974359
.48543707502226,214.838461538462
.495145816522705,214.553846153846
.50485455802315,214.289743589744
.514563299523595,214.107692307692
.52427204102404,213.971794871795
.533980782524485,213.782051282051
.543689524024931,213.707692307692
.553398265525376,213.635897435897
.563107007025821,213.546153846154
.572815748526266,213.479487179487
.582524490026711,213.364102564103
.592233231527157,213.251282051282
.601941973027602,213.105128205128
.611650714528047,213.030769230769
.621359456028492,212.864102564103
.631068197528937,212.630769230769
.640776939029383,212.464102564103
.650485680529828,212.205128205128
.660194422030273,212.002564102564
.669903163530718,211.84358974359
.679611905031163,211.687179487179
.689320646531609,211.528205128205
.699029388032054,211.407692307692
.708738129532499,211.330769230769
.718446871032944,211.279487179487
.728155612533389,211.25641025641
.737864354033834,211.184615384615
.74757309553428,211.087179487179
.757281837034725,210.923076923077
.76699057853517,210.792307692308
.776699320035615,210.582051282051
.78640806153606,210.341025641026
.796116803036506,210.097435897436
.805825544536951,209.861538461538
.815534286037396,209.658974358974
.825243027537841,209.482051282051
.834951769038286,209.433333333333
.844660510538732,209.366666666667
.854369252039177,209.423076923077
.864077993539622,209.474358974359
.873786735040067,209.628205128205
.883495476540512,209.710256410256
.893204218040958,209.823076923077
.902912959541403,209.828205128205
.912621701041848,209.792307692308
.922330442542293,209.707692307692
.932039184042738,209.592307692308
.941747925543183,209.405128205128
.951456667043629,209.241025641026
.961165408544074,209.04358974359
.970874150044519,208.858974358974
.980582891544964,208.689743589744
.990291633045409,208.582051282051
1.00000037454585,208.494871794872
1.0097091160463,208.405128205128
1.01941785754674,208.302564102564
1.02912659904719,208.187179487179
1.03883534054764,208.092307692308
1.04854408204808,208.028205128205
1.05825282354853,207.95641025641
1.06796156504897,207.784615384615
1.07767030654942,207.676923076923
1.08737904804986,207.553846153846
1.09708778955031,207.453846153846
1.10679653105075,207.34358974359
1.1165052725512,207.138461538462
1.12621401405164,206.961538461538
1.13592275555209,206.738461538462
1.14563149705253,206.451282051282
1.15534023855298,206.153846153846
1.16504898005342,205.853846153846
1.17475772155387,205.535897435897
1.18446646305431,205.24358974359
1.19417520455476,204.979487179487
1.2038839460552,204.828205128205
1.21359268755565,204.712820512821
1.22330142905609,204.705128205128
1.23301017055654,204.758974358974
1.24271891205698,204.882051282051
1.25242765355743,204.992307692308
1.26213639505787,205.053846153846
1.27184513655832,205.169230769231
1.28155387805877,205.174358974359
1.29126261955921,205.171794871795
1.30097136105966,205.115384615385
1.3106801025601,205.041025641026
1.32038884406055,205.035897435897
1.33009758556099,205.05641025641
1.33980632706144,205.110256410256
1.34951506856188,205.361538461538
1.35922381006233,205.635897435897
1.36893255156277,206
1.37864129306322,206.430769230769
1.38835003456366,206.951282051282
1.39805877606411,207.402564102564
1.40776751756455,207.902564102564
1.417476259065,208.315384615385
1.42718500056544,208.751282051282
1.43689374206589,208.992307692308
1.44660248356633,209.302564102564
1.45631122506678,209.517948717949
1.46601996656722,209.715384615385
1.47572870806767,209.84358974359
1.48543744956811,210.015384615385
1.49514619106856,210.205128205128
1.504854932569,210.302564102564
1.51456367406945,210.397435897436
1.52427241556989,210.453846153846
1.53398115707034,210.517948717949
1.54368989857079,210.569230769231
1.55339864007123,210.664102564103
1.56310738157168,210.728205128205
1.57281612307212,210.807692307692
1.58252486457257,210.938461538462
1.59223360607301,211.151282051282
1.60194234757346,211.433333333333
1.6116510890739,211.728205128205
1.62135983057435,212.076923076923
1.63106857207479,212.34358974359
1.64077731357524,212.625641025641
1.65048605507568,212.915384615385
1.66019479657613,213.138461538462
1.66990353807657,213.269230769231
1.67961227957702,213.282051282051
1.68932102107746,213.325641025641
1.69902976257791,213.405128205128
1.70873850407835,213.353846153846
1.7184472455788,213.515384615385
1.72815598707924,213.564102564103
1.73786472857969,213.720512820513
1.74757347008013,213.892307692308
1.75728221158058,214
1.76699095308102,214.184615384615
1.77669969458147,214.353846153846
1.78640843608192,214.530769230769
1.79611717758236,214.574358974359
1.80582591908281,214.653846153846
1.81553466058325,214.666666666667
1.8252434020837,214.620512820513
1.83495214358414,214.623076923077
1.84466088508459,214.674358974359
1.85436962658503,214.746153846154
1.86407836808548,214.866666666667
1.87378710958592,214.979487179487
1.88349585108637,215.169230769231
1.89320459258681,215.315384615385
1.90291333408726,215.448717948718
1.9126220755877,215.55641025641
1.92233081708815,215.517948717949
1.93203955858859,215.576923076923
1.94174830008904,215.464102564103
1.95145704158948,215.423076923077
1.96116578308993,215.333333333333
1.97087452459037,215.223076923077
1.98058326609082,215.179487179487
1.99029200759126,215.192307692308
2.00000074909171,215.171794871795
2.00970949059215,215.228205128205
2.0194182320926,215.235897435897
2.02912697359304,215.305128205128
2.03883571509349,215.289743589744
2.04854445659394,215.289743589744
2.05825319809438,215.253846153846
2.06796193959483,215.25641025641
2.07767068109527,215.164102564103
2.08737942259572,215.071794871795
2.09708816409616,214.966666666667
2.10679690559661,214.841025641026
2.11650564709705,214.697435897436
2.1262143885975,214.530769230769
2.13592313009794,214.284615384615
2.14563187159839,213.987179487179
2.15534061309883,213.761538461538
2.16504935459928,213.371794871795
2.17475809609972,212.958974358974
2.18446683760017,212.548717948718
2.19417557910061,212.14358974359
2.20388432060106,211.746153846154
2.2135930621015,211.317948717949
2.22330180360195,210.882051282051
2.23301054510239,210.438461538462
2.24271928660284,210.041025641026
2.25242802810328,209.7
2.26213676960373,209.158974358974
2.27184551110417,208.730769230769
2.28155425260462,208.205128205128
2.29126299410507,207.687179487179
2.30097173560551,207.171794871795
2.31068047710596,206.648717948718
2.3203892186064,206.061538461538
2.33009796010685,205.538461538462
2.33980670160729,205.017948717949
2.34951544310774,204.553846153846
2.35922418460818,204.128205128205
2.36893292610863,203.715384615385
2.37864166760907,203.317948717949
2.38835040910952,202.866666666667
2.39805915060996,202.574358974359
2.40776789211041,202.279487179487
2.41747663361085,202.025641025641
2.4271853751113,201.774358974359
2.43689411661174,201.446153846154
2.44660285811219,201.138461538462
2.45631159961263,200.910256410256
2.46602034111308,200.605128205128
2.47572908261352,200.15641025641
2.48543782411397,199.887179487179
2.49514656561441,199.597435897436
2.50485530711486,199.328205128205
2.5145640486153,199.158974358974
2.52427279011575,199.120512820513
2.53398153161619,199.105128205128
2.54369027311664,198.997435897436
2.55339901461709,198.958974358974
2.56310775611753,198.994871794872
2.57281649761798,198.846153846154
2.58252523911842,198.728205128205
2.59223398061887,198.44358974359
2.60194272211931,198.15641025641
2.61165146361976,197.9
2.6213602051202,197.492307692308
2.63106894662065,197.158974358974
2.64077768812109,197.061538461538
2.65048642962154,196.923076923077
2.66019517112198,196.884615384615
2.66990391262243,196.953846153846
2.67961265412287,197.176923076923
2.68932139562332,197.541025641026
2.69903013712376,197.851282051282
2.70873887862421,198.310256410256
2.71844762012465,198.766666666667
2.7281563616251,199.266666666667
2.73786510312554,199.805128205128
2.74757384462599,200.266666666667
2.75728258612643,200.820512820513
2.76699132762688,201.397435897436
2.77670006912732,201.925641025641
2.78640881062777,202.425641025641
2.79611755212821,202.905128205128
2.80582629362866,203.487179487179
2.81553503512911,203.728205128205
2.82524377662955,204.192307692308
2.83495251813,204.5
2.84466125963044,204.766666666667
2.85437000113089,204.876923076923
2.86407874263133,205.171794871795
2.87378748413178,205.302564102564
2.88349622563222,205.44358974359
2.89320496713267,205.597435897436
2.90291370863311,205.820512820513
2.91262245013356,206.112820512821
2.922331191634,206.341025641026
2.93203993313445,206.707692307692
2.94174867463489,207.058974358974
2.95145741613534,207.402564102564
2.96116615763578,207.641025641026
2.97087489913623,207.925641025641
2.98058364063667,208.146153846154
2.99029238213712,208.305128205128
3.00000112363756,208.328205128205
3.00970986513801,208.315384615385
3.01941860663845,208.248717948718
3.0291273481389,208.212820512821
3.03883608963934,208.025641025641
3.04854483113979,207.892307692308
3.05825357264023,207.741025641026
3.06796231414068,207.679487179487
3.07767105564113,207.541025641026
3.08737979714157,207.305128205128
3.09708853864202,207.248717948718
3.10679728014246,207.041025641026
3.11650602164291,206.907692307692
3.12621476314335,206.838461538462
3.1359235046438,206.746153846154
3.14563224614424,206.730769230769
3.15534098764469,206.661538461538
3.16504972914513,206.674358974359
3.17475847064558,206.65641025641
3.18446721214602,206.702564102564
3.19417595364647,206.725641025641
3.20388469514691,206.751282051282
3.21359343664736,206.630769230769
3.2233021781478,206.515384615385
3.23301091964825,206.494871794872
3.24271966114869,206.489743589744
3.25242840264914,206.538461538462
3.26213714414958,206.541025641026
3.27184588565003,206.669230769231
3.28155462715047,206.9
3.29126336865092,207.15641025641
3.30097211015136,207.374358974359
3.31068085165181,207.517948717949
3.32038959315225,207.628205128205
3.3300983346527,207.671794871795
3.33980707615315,207.587179487179
3.34951581765359,207.476923076923
3.35922455915404,207.269230769231
3.36893330065448,207.038461538462
3.37864204215493,206.779487179487
3.38835078365537,206.574358974359
3.39805952515582,206.505128205128
3.40776826665626,206.533333333333
3.41747700815671,206.530769230769
3.42718574965715,206.64358974359
3.4368944911576,206.933333333333
3.44660323265804,207.164102564103
3.45631197415849,207.358974358974
3.46602071565893,207.45641025641
3.47572945715938,207.641025641026
3.48543819865982,207.671794871795
3.49514694016027,207.771794871795
3.50485568166071,207.782051282051
3.51456442316116,207.766666666667
3.5242731646616,207.884615384615
3.53398190616205,208.025641025641
3.54369064766249,208.164102564103
3.55339938916294,208.446153846154
3.56310813066338,208.625641025641
3.57281687216383,208.902564102564
3.58252561366428,209.120512820513
3.59223435516472,209.366666666667
3.60194309666517,209.615384615385
3.61165183816561,209.774358974359
3.62136057966606,209.894871794872
3.6310693211665,210.053846153846
3.64077806266695,210.264102564103
3.65048680416739,210.430769230769
3.66019554566784,210.638461538462
3.66990428716828,210.802564102564
3.67961302866873,210.953846153846
3.68932177016917,211.020512820513
3.69903051166962,211.112820512821
3.70873925317006,211.051282051282
3.71844799467051,211.035897435897
3.72815673617095,210.730769230769
3.7378654776714,210.469230769231
3.74757421917184,210.064102564103
3.75728296067229,209.715384615385
3.76699170217273,209.461538461538
3.77670044367318,209.120512820513
3.78640918517362,208.887179487179
3.79611792667407,208.710256410256
3.80582666817451,208.525641025641
3.81553540967496,208.34358974359
3.82524415117541,208.148717948718
3.83495289267585,207.905128205128
3.8446616341763,207.658974358974
3.85437037567674,207.417948717949
3.86407911717719,206.987179487179
3.87378785867763,206.54358974359
3.88349660017808,206.092307692308
3.89320534167852,205.6
3.90291408317897,205.130769230769
3.91262282467941,204.625641025641
3.92233156617986,204.153846153846
3.9320403076803,203.674358974359
3.94174904918075,203.176923076923
3.95145779068119,202.8
3.96116653218164,202.379487179487
3.97087527368208,202.007692307692
3.98058401518253,201.602564102564
3.99029275668297,201.346153846154
4.00000149818342,201.171794871795
4.00971023968386,201.071794871795
4.01941898118431,201.035897435897
4.02912772268475,201.04358974359
4.0388364641852,201.153846153846
4.04854520568564,201.261538461538
4.05825394718609,201.397435897436
4.06796268868654,201.479487179487
4.07767143018698,201.510256410256
4.08738017168742,201.453846153846
4.09708891318787,201.364102564103
4.10679765468832,201.074358974359
4.11650639618876,200.825641025641
4.12621513768921,200.494871794872
4.13592387918965,200.107692307692
4.1456326206901,199.853846153846
4.15534136219054,199.592307692308
4.16505010369099,199.338461538462
4.17475884519143,199.179487179487
4.18446758669188,198.9
4.19417632819232,198.725641025641
4.20388506969277,198.505128205128
4.21359381119321,198.230769230769
4.22330255269366,197.961538461538
4.2330112941941,197.638461538462
4.24272003569455,197.25641025641
4.25242877719499,196.84358974359
4.26213751869544,196.461538461538
4.27184626019588,196.087179487179
4.28155500169633,195.653846153846
4.29126374319677,195.253846153846
4.30097248469722,194.833333333333
4.31068122619766,194.402564102564
4.32038996769811,193.992307692308
4.33009870919855,193.538461538462
4.339807450699,193.05641025641
4.34951619219945,192.623076923077
4.35922493369989,192.097435897436
4.36893367520034,191.566666666667
4.37864241670078,191.041025641026
4.38835115820123,190.587179487179
4.39805989970167,190.061538461538
4.40776864120212,189.6
4.41747738270256,189.135897435897
4.42718612420301,188.687179487179
4.43689486570345,188.223076923077
4.4466036072039,187.771794871795
4.45631234870434,187.294871794872
4.46602109020479,186.84358974359
4.47572983170523,186.361538461538
4.48543857320568,185.802564102564
4.49514731470612,185.312820512821
4.50485605620657,184.835897435897
4.51456479770701,184.271794871795
4.52427353920746,183.846153846154
4.5339822807079,183.333333333333
4.54369102220835,182.85641025641
4.55339976370879,182.469230769231
4.56310850520924,182.051282051282
4.57281724670968,181.717948717949
4.58252598821013,181.505128205128
4.59223472971058,181.174358974359
4.60194347121102,180.997435897436
4.61165221271147,180.75641025641
4.62136095421191,180.579487179487
4.63106969571236,180.44358974359
4.6407784372128,180.282051282051
4.65048717871325,180.089743589744
4.66019592021369,179.807692307692
4.66990466171414,179.6
4.67961340321458,179.274358974359
4.68932214471503,178.989743589744
4.69903088621547,178.594871794872
4.70873962771592,178.146153846154
4.71844836921636,177.717948717949
4.72815711071681,177.289743589744
4.73786585221725,176.830769230769
4.7475745937177,176.379487179487
4.75728333521814,175.820512820513
4.76699207671859,175.476923076923
4.77670081821903,175.030769230769
4.78640955971948,174.607692307692
4.79611830121992,174.148717948718
4.80582704272037,173.692307692308
4.81553578422081,173.225641025641
4.82524452572126,172.733333333333
4.8349532672217,172.120512820513
4.84466200872215,171.587179487179
4.8543707502226,171.066666666667
4.86407949172304,170.484615384615
4.87378823322349,170.020512820513
4.88349697472393,169.523076923077
4.89320571622438,169.125641025641
4.90291445772482,168.74358974359
4.91262319922527,168.451282051282
4.92233194072571,168.197435897436
4.93204068222616,168.069230769231
4.9417494237266,167.876923076923
4.95145816522705,167.948717948718
4.96116690672749,167.846153846154
4.97087564822794,168.041025641026
4.98058438972838,168.238461538462
4.99029313122883,168.523076923077
5.00000187272927,168.897435897436
5.00971061422972,169.405128205128
5.01941935573016,169.887179487179
5.02912809723061,170.517948717949
5.03883683873105,171.135897435897
5.0485455802315,171.730769230769
5.05825432173194,172.438461538462
5.06796306323239,173.005128205128
5.07767180473283,173.558974358974
5.08738054623328,174.246153846154
5.09708928773373,174.953846153846
5.10679802923417,175.512820512821
5.11650677073462,176.402564102564
5.12621551223506,177.128205128205
5.13592425373551,177.976923076923
5.14563299523595,178.969230769231
5.1553417367364,179.876923076923
5.16505047823684,180.887179487179
5.17475921973729,181.997435897436
5.18446796123773,183.064102564103
5.19417670273818,184.192307692308
5.20388544423862,185.376923076923
5.21359418573907,186.474358974359
5.22330292723951,187.65641025641
5.23301166873996,188.753846153846
5.2427204102404,189.830769230769
5.25242915174085,190.835897435897
5.26213789324129,191.684615384615
5.27184663474174,192.389743589744
5.28155537624218,192.933333333333
5.29126411774263,193.323076923077
5.30097285924307,193.651282051282
5.31068160074352,193.828205128205
5.32039034224396,193.961538461538
5.33009908374441,194.030769230769
5.33980782524486,194.05641025641
5.3495165667453,194.330769230769
5.35922530824574,194.520512820513
5.36893404974619,194.915384615385
5.37864279124664,195.312820512821
5.38835153274708,195.774358974359
5.39806027424753,196.282051282051
5.40776901574797,196.787179487179
5.41747775724842,197.164102564103
5.42718649874886,197.520512820513
5.43689524024931,197.802564102564
5.44660398174975,198.130769230769
5.4563127232502,198.24358974359
5.46602146475064,198.458974358974
5.47573020625109,198.648717948718
5.48543894775153,198.846153846154
5.49514768925198,199.051282051282
5.50485643075242,199.307692307692
5.51456517225287,199.612820512821
5.52427391375331,199.961538461538
5.53398265525376,200.264102564103
5.5436913967542,200.5
5.55340013825465,200.810256410256
5.56310887975509,201.107692307692
5.57281762125554,201.335897435897
5.58252636275598,201.512820512821
5.59223510425643,201.758974358974
5.60194384575687,201.979487179487
5.61165258725732,202.25641025641
5.62136132875777,202.448717948718
5.63107007025821,202.620512820513
5.64077881175866,202.725641025641
5.6504875532591,202.874358974359
5.66019629475955,203.015384615385
5.66990503625999,203.092307692308
5.67961377776044,203.179487179487
5.68932251926088,203.228205128205
5.69903126076133,203.361538461538
5.70874000226177,203.617948717949
5.71844874376222,203.905128205128
5.72815748526266,204.24358974359
5.73786622676311,204.587179487179
5.74757496826355,204.902564102564
5.757283709764,205.287179487179
5.76699245126444,205.525641025641
5.77670119276489,205.635897435897
5.78640993426533,205.75641025641
5.79611867576578,205.769230769231
5.80582741726622,205.712820512821
5.81553615876667,205.730769230769
5.82524490026711,205.802564102564
5.83495364176756,205.866666666667
5.844662383268,206.069230769231
5.85437112476845,206.271794871795
5.8640798662689,206.669230769231
5.87378860776934,207.041025641026
5.88349734926979,207.428205128205
5.89320609077023,207.710256410256
5.90291483227068,208.05641025641
5.91262357377112,208.202564102564
5.92233231527157,208.420512820513
5.93204105677201,208.387179487179
5.94174979827246,208.374358974359
5.9514585397729,208.476923076923
5.96116728127335,208.346153846154
5.97087602277379,208.294871794872
5.98058476427424,208.251282051282
5.99029350577468,208.148717948718
6.00000224727513,208.102564102564
6.00971098877557,208.017948717949
6.01941973027602,207.920512820513
6.02912847177646,207.823076923077
6.03883721327691,207.551282051282
6.04854595477735,207.328205128205
6.0582546962778,207.051282051282
6.06796343777824,206.769230769231
6.07767217927869,206.479487179487
6.08738092077913,206.174358974359
6.09708966227958,205.823076923077
6.10679840378002,205.497435897436
6.11650714528047,205.217948717949
6.12621588678091,205.010256410256
6.13592462828136,204.679487179487
6.14563336978181,204.402564102564
6.15534211128225,204.074358974359
6.1650508527827,203.8
6.17475959428314,203.492307692308
6.18446833578359,203.2
6.19417707728403,202.917948717949
6.20388581878448,202.579487179487
6.21359456028492,202.24358974359
6.22330330178537,201.958974358974
6.23301204328581,201.717948717949
6.24272078478626,201.564102564103
6.2524295262867,201.410256410256
6.26213826778715,201.241025641026
6.27184700928759,201.205128205128
6.28155575078804,201.151282051282
6.29126449228848,201.130769230769
6.30097323378893,200.946153846154
6.31068197528937,200.825641025641
6.32039071678982,200.789743589744
6.33009945829026,200.651282051282
6.33980819979071,200.548717948718
6.34951694129115,200.494871794872
6.3592256827916,200.323076923077
6.36893442429204,200.305128205128
6.37864316579249,200.246153846154
6.38835190729294,200.238461538462
6.39806064879338,200.312820512821
6.40776939029383,200.402564102564
6.41747813179427,200.517948717949
6.42718687329472,200.710256410256
6.43689561479516,200.761538461538
6.44660435629561,200.948717948718
6.45631309779605,201.012820512821
6.4660218392965,201.074358974359
6.47573058079694,201.194871794872
6.48543932229739,201.151282051282
6.49514806379783,201.184615384615
6.50485680529828,201.351282051282
6.51456554679872,201.45641025641
6.52427428829917,201.612820512821
6.53398302979961,201.738461538462
6.54369177130006,201.910256410256
6.5534005128005,202.125641025641
6.56310925430095,202.351282051282
6.57281799580139,202.44358974359
6.58252673730184,202.464102564103
6.59223547880228,202.538461538462
6.60194422030273,202.487179487179
6.61165296180317,202.292307692308
6.62136170330362,202.141025641026
6.63107044480406,201.976923076923
6.64077918630451,201.825641025641
6.65048792780496,201.758974358974
6.6601966693054,201.679487179487
6.66990541080585,201.679487179487
6.67961415230629,201.679487179487
6.68932289380674,201.851282051282
6.69903163530718,201.925641025641
6.70874037680763,202.066666666667
6.71844911830807,202.323076923077
6.72815785980852,202.415384615385
6.73786660130896,202.574358974359
6.74757534280941,202.717948717949
6.75728408430985,202.823076923077
6.7669928258103,202.994871794872
6.77670156731074,203.125641025641
6.78641030881119,203.310256410256
6.79611905031163,203.523076923077
6.80582779181208,203.782051282051
6.81553653331252,204.058974358974
6.82524527481297,204.374358974359
6.83495401631341,204.564102564103
6.84466275781386,204.905128205128
6.8543714993143,205.05641025641
6.86408024081475,205.276923076923
6.87378898231519,205.458974358974
6.88349772381564,205.592307692308
6.89320646531609,205.823076923077
6.90291520681653,206.074358974359
6.91262394831698,206.233333333333
6.92233268981742,206.597435897436
6.93204143131787,206.805128205128
6.94175017281831,207.210256410256
6.95145891431876,207.533333333333
6.9611676558192,207.823076923077
6.97087639731965,208.133333333333
6.98058513882009,208.317948717949
6.99029388032054,208.684615384615
7.00000262182098,208.974358974359
7.00971136332143,209.2
7.01942010482187,209.461538461538
7.02912884632232,209.797435897436
7.03883758782276,210.164102564103
7.04854632932321,210.507692307692
7.05825507082365,210.828205128205
7.0679638123241,211.158974358974
7.07767255382454,211.412820512821
7.08738129532499,211.712820512821
7.09709003682543,211.892307692308
7.10679877832588,212.002564102564
7.11650751982632,212.166666666667
7.12621626132677,212.269230769231
7.13592500282722,212.369230769231
7.14563374432766,212.502564102564
7.1553424858281,212.566666666667
7.16505122732855,212.774358974359
7.174759968829,212.879487179487
7.18446871032944,213.007692307692
7.19417745182989,213.105128205128
7.20388619333033,213.071794871795
7.21359493483078,213.025641025641
7.22330367633122,212.941025641026
7.23301241783167,212.733333333333
7.24272115933211,212.574358974359
7.25242990083256,212.369230769231
7.262138642333,212.2
7.27184738383345,211.994871794872
7.28155612533389,211.851282051282
7.29126486683434,211.661538461538
7.30097360833478,211.453846153846
7.31068234983523,211.312820512821
7.32039109133567,211.117948717949
7.33009983283612,210.841025641026
7.33980857433656,210.510256410256
7.34951731583701,210.087179487179
7.35922605733745,209.697435897436
7.3689347988379,209.274358974359
7.37864354033835,208.797435897436
7.38835228183879,208.417948717949
7.39806102333923,207.969230769231
7.40776976483968,207.723076923077
7.41747850634013,207.420512820513
7.42718724784057,207.182051282051
7.43689598934102,206.974358974359
7.44660473084146,206.833333333333
7.45631347234191,206.571794871795
7.46602221384235,206.384615384615
7.4757309553428,206.107692307692
7.48543969684324,205.941025641026
7.49514843834369,205.735897435897
7.50485717984413,205.54358974359
7.51456592134458,205.446153846154
7.52427466284502,205.438461538462
7.53398340434547,205.453846153846
7.54369214584591,205.584615384615
7.55340088734636,205.779487179487
7.5631096288468,205.94358974359
7.57281837034725,206.123076923077
7.58252711184769,206.253846153846
7.59223585334814,206.389743589744
7.60194459484858,206.461538461538
7.61165333634903,206.574358974359
7.62136207784947,206.625641025641
7.63107081934992,206.574358974359
7.64077956085036,206.589743589744
7.65048830235081,206.623076923077
7.66019704385126,206.728205128205
7.6699057853517,206.671794871795
7.67961452685215,206.794871794872
7.68932326835259,206.905128205128
7.69903200985304,206.917948717949
7.70874075135348,207.025641025641
7.71844949285393,207.053846153846
7.72815823435437,207.133333333333
7.73786697585482,207.164102564103
7.74757571735526,207.207692307692
7.75728445885571,207.420512820513
7.76699320035615,207.479487179487
7.7767019418566,207.617948717949
7.78641068335704,207.915384615385
7.79611942485749,208.010256410256
7.80582816635793,208.282051282051
7.81553690785838,208.423076923077
7.82524564935882,208.610256410256
7.83495439085927,208.728205128205
7.84466313235971,208.825641025641
7.85437187386016,208.8
7.8640806153606,208.817948717949
7.87378935686105,208.902564102564
7.88349809836149,208.902564102564
7.89320683986194,208.876923076923
7.90291558136239,208.997435897436
7.91262432286283,209.089743589744
7.92233306436328,209.276923076923
7.93204180586372,209.392307692308
7.94175054736417,209.482051282051
7.95145928886461,209.65641025641
7.96116803036506,209.692307692308
7.9708767718655,209.694871794872
7.98058551336595,209.782051282051
7.99029425486639,209.779487179487
8.00000299636684,209.817948717949
8.00971173786728,209.84358974359
8.01942047936773,209.830769230769
8.02912922086817,210.005128205128
8.03883796236862,210.112820512821
8.04854670386906,210.289743589744
8.05825544536951,210.530769230769
8.06796418686995,210.774358974359
8.0776729283704,210.992307692308
8.08738166987084,211.220512820513
8.09709041137129,211.392307692308
8.10679915287173,211.602564102564
8.11650789437218,211.741025641026
8.12621663587263,211.9
8.13592537737307,211.953846153846
8.14563411887351,212.148717948718
8.15534286037396,212.215384615385
8.1650516018744,212.338461538462
8.17476034337485,212.471794871795
8.1844690848753,212.54358974359
8.19417782637574,212.707692307692
8.20388656787619,212.866666666667
8.21359530937663,212.907692307692
8.22330405087708,213.064102564103
8.23301279237752,213.217948717949
8.24272153387797,213.282051282051
8.25243027537841,213.338461538462
8.26213901687886,213.215384615385
8.2718477583793,213.164102564103
8.28155649987975,212.989743589744
8.29126524138019,212.738461538462
8.30097398288064,212.484615384615
8.31068272438108,212.146153846154
8.32039146588153,211.75641025641
8.33010020738197,211.353846153846
8.33980894888242,210.907692307692
8.34951769038286,210.497435897436
8.35922643188331,210.020512820513
8.36893517338375,209.625641025641
8.3786439148842,209.169230769231
8.38835265638464,208.692307692308
8.39806139788509,208.305128205128
8.40777013938554,207.879487179487
8.41747888088598,207.548717948718
8.42718762238643,207.146153846154
8.43689636388687,206.838461538462
8.44660510538731,206.697435897436
8.45631384688776,206.569230769231
8.46602258838821,206.461538461538
8.47573132988865,206.412820512821
8.4854400713891,206.35641025641
8.49514881288954,206.435897435897
8.50485755438999,206.407692307692
8.51456629589043,206.479487179487
8.52427503739088,206.548717948718
8.53398377889132,206.535897435897
8.54369252039177,206.666666666667
8.55340126189221,206.779487179487
8.56311000339266,206.874358974359
8.5728187448931,207.158974358974
8.58252748639355,207.328205128205
8.59223622789399,207.592307692308
8.60194496939444,207.948717948718
8.61165371089488,208.397435897436
8.62136245239533,208.761538461538
8.63107119389577,209.074358974359
8.64077993539622,209.451282051282
8.65048867689666,209.838461538462
8.66019741839711,210.141025641026
8.66990615989756,210.451282051282
8.679614901398,210.712820512821
8.68932364289845,211.046153846154
8.69903238439889,211.369230769231
8.70874112589934,211.623076923077
8.71844986739978,211.884615384615
8.72815860890023,212.192307692308
8.73786735040067,212.441025641026
8.74757609190112,212.620512820513
8.75728483340156,212.607692307692
8.76699357490201,212.669230769231
8.77670231640245,212.594871794872
8.7864110579029,212.369230769231
8.79611979940334,212.215384615385
8.80582854090379,211.825641025641
8.81553728240423,211.564102564103
8.82524602390468,211.317948717949
8.83495476540512,210.976923076923
8.84466350690557,210.702564102564
8.85437224840601,210.376923076923
8.86408098990646,210.128205128205
8.8737897314069,209.805128205128
8.88349847290735,209.415384615385
8.89320721440779,209.015384615385
8.90291595590824,208.546153846154
8.91262469740868,207.966666666667
8.92233343890913,207.392307692308
8.93204218040957,206.664102564103
8.94175092191002,206.128205128205
8.95145966341047,205.582051282051
8.96116840491091,205.041025641026
8.97087714641136,204.605128205128
8.9805858879118,204.284615384615
8.99029462941225,204.048717948718
9.00000337091269,203.869230769231
9.00971211241314,203.805128205128
9.01942085391358,203.733333333333
9.02912959541403,203.728205128205
9.03883833691447,203.835897435897
9.04854707841492,203.876923076923
9.05825581991536,204
9.06796456141581,204.312820512821
9.07767330291625,204.638461538462
9.0873820444167,205.164102564103
9.09709078591714,205.707692307692
9.10679952741759,206.4
9.11650826891803,207.269230769231
9.12621701041848,208.117948717949
9.13592575191892,208.923076923077
9.14563449341937,209.728205128205
9.15534323491981,210.461538461538
9.16505197642026,211.166666666667
9.17476071792071,211.758974358974
9.18446945942115,212.241025641026
9.19417820092159,212.679487179487
9.20388694242204,212.94358974359
9.21359568392249,213.276923076923
9.22330442542293,213.494871794872
9.23301316692338,213.579487179487
9.24272190842382,213.612820512821
9.25243064992427,213.551282051282
9.26213939142471,213.417948717949
9.27184813292516,213.189743589744
9.2815568744256,212.851282051282
9.29126561592605,212.407692307692
9.30097435742649,211.784615384615
9.31068309892694,211.276923076923
9.32039184042738,210.638461538462
9.33010058192783,210.217948717949
9.33980932342827,209.735897435897
9.34951806492872,209.320512820513
9.35922680642916,208.951282051282
9.36893554792961,208.710256410256
9.37864428943005,208.325641025641
9.3883530309305,208.120512820513
9.39806177243094,207.748717948718
9.40777051393139,207.492307692308
9.41747925543183,207.161538461538
9.42718799693228,206.964102564103
9.43689673843273,206.682051282051
9.44660547993317,206.402564102564
9.45631422143362,206.364102564103
9.46602296293406,206.225641025641
9.47573170443451,206.164102564103
9.48544044593495,206.179487179487
9.4951491874354,206.246153846154
9.50485792893584,206.320512820513
9.51456667043629,206.351282051282
9.52427541193673,206.34358974359
9.53398415343718,206.446153846154
9.54369289493762,206.369230769231
9.55340163643807,206.525641025641
9.56311037793851,206.492307692308
9.57281911943896,206.5
9.5825278609394,206.758974358974
9.59223660243985,206.946153846154
9.60194534394029,207.123076923077
9.61165408544074,207.484615384615
9.62136282694118,207.679487179487
9.63107156844163,207.994871794872
9.64078030994207,208.084615384615
9.65048905144252,208.184615384615
9.66019779294296,208.2
9.66990653444341,208.023076923077
9.67961527594385,207.825641025641
9.6893240174443,207.589743589744
9.69903275894474,207.217948717949
9.70874150044519,206.905128205128
9.71845024194564,206.561538461538
9.72815898344608,206.215384615385
9.73786772494653,205.915384615385
9.74757646644697,205.517948717949
9.75728520794742,205.302564102564
9.76699394944786,205.107692307692
9.77670269094831,204.948717948718
9.78641143244875,204.705128205128
9.7961201739492,204.7
9.80582891544964,204.605128205128
9.81553765695009,204.666666666667
9.82524639845053,204.74358974359
9.83495513995098,204.866666666667
9.84466388145142,205.094871794872
9.85437262295187,205.438461538462
9.86408136445231,205.771794871795
9.87379010595276,205.994871794872
9.8834988474532,206.333333333333
9.89320758895365,206.523076923077
9.90291633045409,206.753846153846
9.91262507195454,206.882051282051
9.92233381345499,206.958974358974
9.93204255495543,206.964102564103
9.94175129645588,207.028205128205
9.95146003795632,206.841025641026
9.96116877945676,206.830769230769
9.97087752095721,206.764102564103
9.98058626245766,206.707692307692
9.9902950039581,206.615384615385
10.0000037454585,206.474358974359
10.009712486959,206.374358974359
10.0194212284594,206.264102564103
10.0291299699599,206.084615384615
10.0388387114603,205.861538461538
10.0485474529608,205.723076923077
10.0582561944612,205.517948717949
10.0679649359617,205.448717948718
10.0776736774621,205.34358974359
10.0873824189626,205.430769230769
10.097091160463,205.551282051282
10.1067999019634,205.858974358974
10.1165086434639,206.125641025641
10.1262173849643,206.579487179487
10.1359261264648,206.948717948718
10.1456348679652,207.374358974359
10.1553436094657,207.728205128205
10.1650523509661,208.148717948718
10.1747610924666,208.469230769231
10.184469833967,208.876923076923
10.1941785754675,209.15641025641
10.2038873169679,209.530769230769
10.2135960584683,209.85641025641
10.2233047999688,210.153846153846
10.2330135414692,210.610256410256
10.2427222829697,210.974358974359
10.2524310244701,211.333333333333
10.2621397659706,211.776923076923
10.271848507471,212.2
10.2815572489715,212.471794871795
10.2912659904719,212.697435897436
10.3009747319723,212.848717948718
10.3106834734728,212.992307692308
10.3203922149732,213
10.3301009564737,213.084615384615
10.3398096979741,213.023076923077
10.3495184394746,213.005128205128
10.359227180975,212.848717948718
10.3689359224755,212.815384615385
10.3786446639759,212.653846153846
10.3883534054764,212.579487179487
10.3980621469768,212.471794871795
10.4077708884772,212.341025641026
10.4174796299777,212.102564102564
10.4271883714781,212
10.4368971129786,211.794871794872
10.446605854479,211.525641025641
10.4563145959795,211.271794871795
10.4660233374799,211.097435897436
10.4757320789804,210.964102564103
10.4854408204808,210.902564102564
10.4951495619813,210.807692307692
10.5048583034817,210.874358974359
10.5145670449821,210.95641025641
10.5242757864826,211.002564102564
10.533984527983,211.25641025641
10.5436932694835,211.623076923077
10.5534020109839,212.012820512821
10.5631107524844,212.461538461538
10.5728194939848,212.974358974359
10.5825282354853,213.405128205128
10.5922369769857,213.994871794872
10.6019457184861,214.592307692308
10.6116544599866,215.182051282051
10.621363201487,215.758974358974
10.6310719429875,216.430769230769
10.6407806844879,217.1
10.6504894259884,217.692307692308
10.6601981674888,218.261538461538
10.6699069089893,218.94358974359
10.6796156504897,219.441025641026
10.6893243919902,219.85641025641
10.6990331334906,220.25641025641
10.708741874991,220.458974358974
10.7184506164915,220.574358974359
10.7281593579919,220.510256410256
10.7378680994924,220.348717948718
10.7475768409928,220.164102564103
10.7572855824933,219.771794871795
10.7669943239937,219.382051282051
10.7767030654942,219
10.7864118069946,218.530769230769
10.7961205484951,218.084615384615
10.8058292899955,217.620512820513
10.8155380314959,217.112820512821
10.8252467729964,216.625641025641
10.8349555144968,216.092307692308
10.8446642559973,215.525641025641
10.8543729974977,215.066666666667
10.8640817389982,214.494871794872
10.8737904804986,213.930769230769
10.8834992219991,213.448717948718
10.8932079634995,213.082051282051
10.9029167049999,212.692307692308
10.9126254465004,212.425641025641
10.9223341880008,212.192307692308
10.9320429295013,211.966666666667
10.9417516710017,211.848717948718
10.9514604125022,211.75641025641
10.9611691540026,211.6
10.9708778955031,211.5
10.9805866370035,211.433333333333
10.990295378504,211.458974358974
11.0000041200044,211.474358974359
11.0097128615048,211.505128205128
11.0194216030053,211.779487179487
11.0291303445057,212.110256410256
11.0388390860062,212.466666666667
11.0485478275066,212.897435897436
11.0582565690071,213.320512820513
11.0679653105075,213.738461538462
11.077674052008,214.189743589744
11.0873827935084,214.520512820513
11.0970915350089,214.764102564103
11.1068002765093,214.982051282051
11.1165090180097,215.317948717949
11.1262177595102,215.502564102564
11.1359265010106,215.789743589744
11.1456352425111,216.15641025641
11.1553439840115,216.561538461538
11.165052725512,216.925641025641
11.1747614670124,217.415384615385
11.1844702085129,218.007692307692
11.1941789500133,218.410256410256
11.2038876915137,218.830769230769
11.2135964330142,219.235897435897
11.2233051745146,219.474358974359
11.2330139160151,219.751282051282
11.2427226575155,219.94358974359
11.252431399016,220.058974358974
11.2621401405164,220.246153846154
11.2718488820169,220.435897435897
11.2815576235173,220.630769230769
11.2912663650178,220.828205128205
11.3009751065182,220.85641025641
11.3106838480186,220.930769230769
11.3203925895191,220.920512820513
11.3301013310195,220.8
11.33981007252,220.620512820513
11.3495188140204,220.210256410256
11.3592275555209,219.797435897436
11.3689362970213,219.328205128205
11.3786450385218,218.807692307692
11.3883537800222,218.323076923077
11.3980625215227,217.874358974359
11.4077712630231,217.484615384615
11.4174800045235,217.146153846154
11.427188746024,216.766666666667
11.4368974875244,216.420512820513
11.4466062290249,216.002564102564
11.4563149705253,215.64358974359
11.4660237120258,215.120512820513
11.4757324535262,214.641025641026
11.4854411950267,214.217948717949
11.4951499365271,213.782051282051
11.5048586780276,213.382051282051
11.514567419528,213.076923076923
11.5242761610284,212.723076923077
11.5339849025289,212.648717948718
11.5436936440293,212.564102564103
11.5534023855298,212.469230769231
11.5631111270302,212.605128205128
11.5728198685307,212.651282051282
11.5825286100311,212.864102564103
11.5922373515316,213.066666666667
11.601946093032,213.217948717949
11.6116548345324,213.469230769231
11.6213635760329,213.805128205128
11.6310723175333,214.141025641026
11.6407810590338,214.597435897436
11.6504898005342,215.094871794872
11.6601985420347,215.723076923077
11.6699072835351,216.335897435897
11.6796160250356,216.987179487179
11.689324766536,217.651282051282
11.6990335080365,218.279487179487
11.7087422495369,218.892307692308
11.7184509910373,219.361538461538
11.7281597325378,219.789743589744
11.7378684740382,220.074358974359
11.7475772155387,220.333333333333
11.7572859570391,220.548717948718
11.7669946985396,220.638461538462
11.77670344004,220.707692307692
11.7864121815405,220.892307692308
11.7961209230409,220.861538461538
11.8058296645414,220.766666666667
11.8155384060418,220.584615384615
11.8252471475422,220.410256410256
11.8349558890427,220.179487179487
11.8446646305431,219.75641025641
11.8543733720436,219.333333333333
11.864082113544,218.971794871795
11.8737908550445,218.415384615385
11.8834995965449,217.974358974359
11.8932083380454,217.328205128205
11.9029170795458,216.779487179487
11.9126258210462,216.341025641026
11.9223345625467,215.761538461538
11.9320433040471,215.128205128205
11.9417520455476,214.605128205128
11.951460787048,213.982051282051
11.9611695285485,213.392307692308
11.9708782700489,212.766666666667
11.9805870115494,212.187179487179
11.9902957530498,211.633333333333
12.0000044945503,211.176923076923
12.0097132360507,210.789743589744
12.0194219775511,210.410256410256
12.0291307190516,210.228205128205
12.038839460552,210.023076923077
12.0485482020525,209.992307692308
12.0582569435529,210.089743589744
12.0679656850534,210.141025641026
12.0776744265538,210.297435897436
12.0873831680543,210.707692307692
12.0970919095547,210.851282051282
12.1068006510552,211.248717948718
12.1165093925556,211.602564102564
12.126218134056,212.053846153846
12.1359268755565,212.553846153846
12.1456356170569,213.028205128205
12.1553443585574,213.505128205128
12.1650531000578,214.066666666667
12.1747618415583,214.641025641026
12.1844705830587,215.187179487179
12.1941793245592,215.646153846154
12.2038880660596,216.146153846154
12.21359680756,216.582051282051
12.2233055490605,217.094871794872
12.2330142905609,217.458974358974
12.2427230320614,217.784615384615
12.2524317735618,218.066666666667
12.2621405150623,218.387179487179
12.2718492565627,218.717948717949
12.2815579980632,218.882051282051
12.2912667395636,219.053846153846
12.3009754810641,219.315384615385
12.3106842225645,219.589743589744
12.3203929640649,219.676923076923
12.3301017055654,219.828205128205
12.3398104470658,219.905128205128
12.3495191885663,220.14358974359
12.3592279300667,220.338461538462
12.3689366715672,220.412820512821
12.3786454130676,220.525641025641
12.3883541545681,220.635897435897
12.3980628960685,220.8
12.407771637569,220.966666666667
12.4174803790694,221.025641025641
12.4271891205698,221.197435897436
12.4368978620703,221.364102564103
12.4466066035707,221.510256410256
12.4563153450712,221.55641025641
12.4660240865716,221.694871794872
12.4757328280721,221.85641025641
12.4854415695725,221.928205128205
12.495150311073,221.994871794872
12.5048590525734,222.074358974359
12.5145677940738,222.14358974359
12.5242765355743,222.192307692308
12.5339852770747,222.125641025641
12.5436940185752,222.2
12.5534027600756,222.220512820513
12.5631115015761,222.212820512821
12.5728202430765,222.233333333333
12.582528984577,222.276923076923
12.5922377260774,222.264102564103
12.6019464675779,222.353846153846
12.6116552090783,222.271794871795
12.6213639505787,222.176923076923
12.6310726920792,222.033333333333
12.6407814335796,221.879487179487
12.6504901750801,221.620512820513
12.6601989165805,221.289743589744
12.669907658081,220.871794871795
12.6796163995814,220.420512820513
12.6893251410819,220.064102564103
12.6990338825823,219.617948717949
12.7087426240828,219.220512820513
12.7184513655832,218.876923076923
12.7281601070836,218.497435897436
12.7378688485841,218.261538461538
12.7475775900845,217.876923076923
12.757286331585,217.584615384615
12.7669950730854,217.25641025641
12.7767038145859,216.817948717949
12.7864125560863,216.441025641026
12.7961212975868,216.079487179487
12.8058300390872,215.615384615385
12.8155387805877,215.297435897436
12.8252475220881,214.876923076923
12.8349562635885,214.505128205128
12.844665005089,214.25641025641
12.8543737465894,213.907692307692
12.8640824880899,213.666666666667
12.8737912295903,213.346153846154
12.8834999710908,213.141025641026
12.8932087125912,212.74358974359
12.9029174540917,212.474358974359
12.9126261955921,211.997435897436
12.9223349370925,211.64358974359
12.932043678593,211.282051282051
12.9417524200934,210.953846153846
12.9514611615939,210.861538461538
12.9611699030943,210.746153846154
12.9708786445948,210.610256410256
12.9805873860952,210.638461538462
12.9902961275957,210.615384615385
13.0000048690961,210.85641025641
13.0097136105966,211.061538461538
13.019422352097,211.271794871795
13.0291310935974,211.412820512821
13.0388398350979,211.628205128205
13.0485485765983,211.687179487179
13.0582573180988,211.925641025641
13.0679660595992,212.061538461538
13.0776748010997,212.315384615385
13.0873835426001,212.5
13.0970922841006,212.75641025641
13.106801025601,212.938461538462
13.1165097671015,213.148717948718
13.1262185086019,213.341025641026
13.1359272501023,213.361538461538
13.1456359916028,213.420512820513
13.1553447331032,213.305128205128
13.1650534746037,213.153846153846
13.1747622161041,212.851282051282
13.1844709576046,212.530769230769
13.194179699105,212.128205128205
13.2038884406055,211.874358974359
13.2135971821059,211.441025641026
13.2233059236063,211.097435897436
13.2330146651068,210.74358974359
13.2427234066072,210.420512820513
13.2524321481077,210.105128205128
13.2621408896081,209.705128205128
13.2718496311086,209.358974358974
13.281558372609,209.028205128205
13.2912671141095,208.551282051282
13.3009758556099,208.123076923077
13.3106845971104,207.733333333333
13.3203933386108,207.379487179487
13.3301020801112,206.989743589744
13.3398108216117,206.610256410256
13.3495195631121,206.312820512821
13.3592283046126,206.117948717949
13.368937046113,205.794871794872
13.3786457876135,205.392307692308
13.3883545291139,205.082051282051
13.3980632706144,204.689743589744
13.4077720121148,204.25641025641
13.4174807536153,203.753846153846
13.4271894951157,203.323076923077
13.4368982366161,202.994871794872
13.4466069781166,202.723076923077
13.456315719617,202.5
13.4660244611175,202.45641025641
13.4757332026179,202.469230769231
13.4854419441184,202.710256410256
13.4951506856188,203.130769230769
13.5048594271193,203.461538461538
13.5145681686197,203.979487179487
13.5242769101202,204.6
13.5339856516206,205.076923076923
13.543694393121,205.694871794872
13.5534031346215,206.297435897436
13.5631118761219,206.851282051282
13.5728206176224,207.520512820513
13.5825293591228,208.353846153846
13.5922381006233,209.076923076923
13.6019468421237,209.946153846154
13.6116555836242,210.807692307692
13.6213643251246,211.635897435897
13.631073066625,212.515384615385
13.6407818081255,213.3
13.6504905496259,214.051282051282
13.6601992911264,214.602564102564
13.6699080326268,214.846153846154
13.6796167741273,214.94358974359
13.6893255156277,214.764102564103
13.6990342571282,214.484615384615
13.7087429986286,214.05641025641
13.7184517401291,213.320512820513
13.7281604816295,212.525641025641
13.7378692231299,211.669230769231
13.7475779646304,210.535897435897
13.7572867061308,209.325641025641
13.7669954476313,208.148717948718
13.7767041891317,206.817948717949
13.7864129306322,205.484615384615
13.7961216721326,204.1
13.8058304136331,202.764102564103
13.8155391551335,201.348717948718
13.825247896634,200.115384615385
13.8349566381344,198.85641025641
13.8446653796348,197.764102564103
13.8543741211353,196.833333333333
13.8640828626357,196.079487179487
13.8737916041362,195.482051282051
13.8835003456366,195.184615384615
13.8932090871371,195.012820512821
13.9029178286375,195.189743589744
13.912626570138,195.607692307692
13.9223353116384,196.407692307692
13.9320440531388,197.333333333333
13.9417527946393,198.530769230769
13.9514615361397,199.923076923077
13.9611702776402,201.541025641026
13.9708790191406,203.189743589744
13.9805877606411,204.928205128205
13.9902965021415,206.6
14.000005243642,208.102564102564
