"Date: 11/19/2019 10:52:21 AM"
0
#TRUE#,#FALSE#,#FALSE#
#TRUE#
109.75,109.5,109.74994732116
"E:\Scan 1\OFRA11_Coral_1_3_5.bmp"
""
139,660,1726,683,1733,233,146,210
1588
0,204.660753880266
9.11162168555498E-03,204.90465631929
.01822324337111,205.228381374723
.027334865056665,205.676274944568
3.64464867422199E-02,206.343680709534
4.55581084277749E-02,207.166297117517
5.46697301133299E-02,208.261640798226
6.37813517988849E-02,209.332594235033
7.28929734844399E-02,210.509977827051
8.20045951699949E-02,211.527716186253
9.11162168555498E-02,212.467849223947
.100227838541105,213.235033259424
.10933946022666,213.769401330377
.118451081912215,214.20399113082
.12756270359777,214.425720620843
.136674325283325,214.629711751663
.14578594696888,214.853658536585
.154897568654435,215.088691796009
.16400919033999,215.527716186253
.173120812025545,215.906873614191
.1822324337111,216.527716186253
.191344055396655,217.30155210643
.20045567708221,218.046563192905
.209567298767765,218.722838137472
.21867892045332,219.314855875831
.227790542138875,219.90243902439
.23690216382443,220.407982261641
.246013785509985,220.831485587583
.25512540719554,221.172949002217
.264237028881095,221.430155210643
.27334865056665,221.740576496674
.282460272252205,222.084257206208
.29157189393776,222.461197339246
.300683515623314,222.840354767184
.309795137308869,223.268292682927
.318906758994424,223.680709534368
.328018380679979,224.064301552106
.337130002365534,224.476718403548
.346241624051089,224.818181818182
.355353245736644,225.19733924612
.364464867422199,225.507760532151
.373576489107754,225.720620842572
.382688110793309,225.949002217295
.391799732478864,226.254988913525
.400911354164419,226.541019955654
.410022975849974,226.824833702882
.419134597535529,227.141906873614
.428246219221084,227.485587583149
.437357840906639,227.818181818182
.446469462592194,228.190687361419
.455581084277749,228.423503325942
.464692705963304,228.536585365854
.473804327648859,228.656319290466
.482915949334414,228.631929046563
.492027571019969,228.492239467849
.501139192705524,228.128603104213
.510250814391079,227.572062084257
.519362436076634,226.893569844789
.528474057762189,226.146341463415
.537585679447744,225.29933481153
.546697301133299,224.328159645233
.555808922818854,223.405764966741
.564920544504409,222.536585365854
.574032166189964,221.842572062084
.583143787875519,221.328159645233
.592255409561074,221.070953436807
.601367031246629,221.039911308204
.610478652932184,221.184035476718
.619590274617739,221.534368070953
.628701896303294,221.957871396896
.637813517988849,222.235033259424
.646925139674404,222.359201773836
.656036761359959,222.272727272727
.665148383045514,221.764966740576
.674260004731069,220.760532150776
.683371626416624,219.257206208426
.692483248102179,217.186252771619
.701594869787734,214.682926829268
.710706491473289,211.913525498891
.719818113158844,208.791574279379
.728929734844399,205.636363636364
.738041356529954,202.694013303769
.747152978215509,199.986696230599
.756264599901064,197.620842572062
.765376221586619,195.940133037694
.774487843272174,194.866962305987
.783599464957729,194.410199556541
.792711086643284,194.478935698448
.801822708328839,195.226164079823
.810934330014394,196.279379157428
.820045951699949,197.592017738359
.829157573385504,198.993348115299
.838269195071059,200.239467849224
.847380816756614,201.250554323725
.856492438442168,201.833702882483
.865604060127724,201.991130820399
.874715681813279,201.689578713969
.883827303498834,201.088691796009
.892938925184388,200.062084257206
.902050546869943,198.767184035477
.911162168555498,197.385809312639
.920273790241053,196.024390243902
.929385411926608,194.880266075388
.938497033612163,193.9955654102
.947608655297718,193.534368070953
.956720276983273,193.483370288248
.965831898668828,193.849223946785
.974943520354383,194.667405764967
.984055142039938,195.776053215078
.993166763725493,197.19512195122
1.00227838541105,198.929046563193
1.0113900070966,200.729490022173
1.02050162878216,202.572062084257
1.02961325046771,204.356984478936
1.03872487215327,205.90022172949
1.04783649383882,207.29711751663
1.05694811552438,208.359201773836
1.06605973720993,209.093126385809
1.07517135889549,209.40133037694
1.08428298058104,209.237250554324
1.0933946022666,208.811529933481
1.10250622395215,207.937915742794
1.11161784563771,206.773835920177
1.12072946732326,205.492239467849
1.12984108900882,204.135254988914
1.13895271069437,202.773835920177
1.14806433237993,201.536585365854
1.15717595406548,200.523281596452
1.16628757575104,199.873614190687
1.17539919743659,199.447893569845
1.18451081912215,199.268292682927
1.1936224408077,199.487804878049
1.20273406249326,199.944567627494
1.21184568417881,200.518847006652
1.22095730586437,201.062084257206
1.23006892754992,201.558758314856
1.23918054923548,202
1.24829217092103,202.042128603104
1.25740379260659,201.838137472284
1.26651541429214,201.30155210643
1.2756270359777,200.359201773836
1.28473865766325,198.980044345898
1.29385027934881,197.416851441242
1.30296190103436,195.552106430155
1.31207352271992,193.569844789357
1.32118514440547,191.545454545455
1.33029676609103,189.649667405765
1.33940838777658,187.984478935698
1.34852000946214,186.337028824834
1.35763163114769,184.993348115299
1.36674325283325,183.9955654102
1.3758548745188,183.263858093126
1.38496649620436,182.576496674058
1.39407811788991,182.190687361419
1.40318973957547,182.073170731707
1.41230136126102,182.019955654102
1.42141298294658,182.223946784922
1.43052460463213,182.709534368071
1.43963622631769,183.518847006652
1.44874784800324,184.416851441242
1.4578594696888,185.583148558758
1.46697109137435,187.10199556541
1.47608271305991,188.736141906874
1.48519433474546,190.472283813747
1.49430595643102,192.323725055432
1.50341757811657,194.121951219512
1.51252919980213,195.611973392461
1.52164082148768,196.809312638581
1.53075244317324,197.862527716186
1.53986406485879,198.383592017738
1.54897568654435,198.436807095344
1.5580873082299,198.292682926829
1.56719892991546,197.771618625277
1.57631055160101,196.940133037694
1.58542217328657,195.90465631929
1.59453379497212,194.971175166297
1.60364541665768,193.988913525499
1.61275703834323,193.09756097561
1.62186866002879,192.416851441242
1.63098028171434,191.782705099778
1.6400919033999,191.354767184035
1.64920352508545,190.871396895787
1.65831514677101,190.514412416851
1.66742676845656,190.161862527716
1.67653839014212,189.787139689579
1.68565001182767,189.30376940133
1.69476163351323,188.853658536585
1.70387325519878,188.328159645233
1.71298487688434,187.884700665188
1.72209649856989,187.447893569845
1.73120812025545,187.179600886918
1.740319741941,187.0022172949
1.74943136362656,187.168514412417
1.75854298531211,187.545454545455
1.76765460699767,188.037694013304
1.77676622868322,188.838137472284
1.78587785036878,189.778270509978
1.79498947205433,190.80266075388
1.80410109373989,191.654101995565
1.81321271542544,192.516629711752
1.822324337111,193.314855875831
1.83143595879655,193.811529933481
1.84054758048211,194.008869179601
1.84965920216766,193.977827050998
1.85877082385322,193.574279379157
1.86788244553877,192.951219512195
1.87699406722433,192.166297117517
1.88610568890988,191.334811529933
1.89521731059544,190.294900221729
1.90432893228099,189.374722838137
1.91344055396655,188.414634146341
1.9225521756521,187.49667405765
1.93166379733766,186.658536585366
1.94077541902321,185.90243902439
1.94988704070877,185.365853658537
1.95899866239432,184.709534368071
1.96811028407988,184.259423503326
1.97722190576543,183.917960088692
1.98633352745099,183.563192904656
1.99544514913654,183.241685144124
2.0045567708221,183.09756097561
2.01366839250765,183.217294900222
2.02278001419321,183.394678492239
2.03189163587876,183.718403547672
2.04100325756432,184.286031042129
2.05011487924987,185.024390243902
2.05922650093543,185.913525498891
2.06833812262098,186.9977827051
2.07744974430654,188.266075388027
2.08656136599209,189.545454545455
2.09567298767765,190.851441241685
2.1047846093632,192.161862527716
2.11389623104876,193.328159645233
2.12300785273431,194.325942350333
2.13211947441987,195.135254988914
2.14123109610542,195.742793791574
2.15034271779098,196.159645232816
2.15945433947653,196.261640798226
2.16856596116209,196.259423503326
2.17767758284764,196.062084257206
2.1867892045332,195.771618625277
2.19590082621875,195.490022172949
2.20501244790431,195.059866962306
2.21412406958986,194.660753880266
2.22323569127542,194.454545454545
2.23234731296097,194.223946784922
2.24145893464653,194.057649667406
2.25057055633208,193.853658536585
2.25968217801764,193.829268292683
2.26879379970319,193.680709534368
2.27790542138875,193.59645232816
2.2870170430743,193.649667405765
2.29612866475986,193.625277161863
2.30524028644541,193.669623059867
2.31435190813097,193.671840354767
2.32346352981652,193.842572062084
2.33257515150208,193.869179600887
2.34168677318763,194.057649667406
2.35079839487319,194.19733924612
2.35991001655874,194.352549889135
2.3690216382443,194.423503325942
2.37813325992985,194.441241685144
2.38724488161541,194.527716186253
2.39635650330096,194.569844789357
2.40546812498652,194.682926829268
2.41457974667207,194.758314855876
2.42369136835763,194.875831485588
2.43280299004318,194.942350332594
2.44191461172874,195.130820399113
2.45102623341429,195.237250554324
2.46013785509985,195.308203991131
2.4692494767854,195.394678492239
2.47836109847096,195.450110864745
2.48747272015651,195.492239467849
2.49658434184207,195.257206208426
2.50569596352762,194.984478935698
2.51480758521318,194.747228381375
2.52391920689873,194.456762749446
2.53303082858429,194.317073170732
2.54214245026984,194.190687361419
2.5512540719554,194.148558758315
2.56036569364095,194.252771618625
2.56947731532651,194.585365853659
2.57858893701206,194.988913525499
2.58770055869762,195.50110864745
2.59681218038317,196.10199556541
2.60592380206873,196.853658536585
2.61503542375428,197.623059866962
2.62414704543984,198.221729490022
2.63325866712539,198.931263858093
2.64237028881095,199.580931263858
2.6514819104965,200.09534368071
2.66059353218206,200.538802660754
2.66970515386761,200.89800443459
2.67881677555317,201.283813747228
2.68792839723872,201.410199556541
2.69704001892428,201.587583148559
2.70615164060983,201.662971175166
2.71526326229539,201.605321507761
2.72437488398094,201.59645232816
2.7334865056665,201.609756097561
2.74259812735205,201.60310421286
2.75170974903761,201.560975609756
2.76082137072316,201.616407982262
2.76993299240872,201.69623059867
2.77904461409427,201.70288248337
2.78815623577983,201.756097560976
2.79726785746538,201.869179600887
2.80637947915094,201.968957871397
2.81549110083649,202.015521064302
2.82460272252205,202.086474501109
2.8337143442076,202.30155210643
2.84282596589316,202.330376940133
2.85193758757871,202.29711751663
2.86104920926427,202.363636363636
2.87016083094982,202.507760532151
2.87927245263538,202.605321507761
2.88838407432093,202.656319290466
2.89749569600649,202.79600886918
2.90660731769204,202.884700665188
2.91571893937759,202.915742793792
2.92483056106315,202.789356984479
2.93394218274871,202.771618625277
2.94305380443426,202.651884700665
2.95216542611981,202.472283813747
2.96127704780537,202.330376940133
2.97038866949093,202.121951219512
2.97950029117648,202.017738359202
2.98861191286204,202.075388026608
2.99772353454759,202.237250554324
3.00683515623314,202.521064301552
3.0159467779187,202.991130820399
3.02505839960426,203.634146341463
3.03417002128981,204.310421286031
3.04328164297536,205.033259423503
3.05239326466092,205.878048780488
3.06150488634647,206.532150776053
3.07061650803203,207.263858093126
3.07972812971758,207.780487804878
3.08883975140314,208.283813747228
3.09795137308869,208.583148558758
3.10706299477425,208.707317073171
3.1161746164598,208.780487804878
3.12528623814536,208.651884700665
3.13439785983091,208.474501108647
3.14350948151647,208.108647450111
3.15262110320202,207.818181818182
3.16173272488758,207.383592017738
3.17084434657313,206.977827050998
3.17995596825869,206.583148558758
3.18906758994424,206.20177383592
3.1981792116298,205.818181818182
3.20729083331535,205.525498891353
3.21640245500091,205.308203991131
3.22551407668646,205.212860310421
3.23462569837202,205.106430155211
3.24373732005757,205.217294900222
3.25284894174313,205.492239467849
3.26196056342868,205.687361419069
3.27107218511424,206.011086474501
3.28018380679979,206.314855875831
3.28929542848535,206.736141906874
3.2984070501709,207.093126385809
3.30751867185646,207.465631929047
3.31663029354201,207.773835920177
3.32574191522757,207.988913525499
3.33485353691312,208.208425720621
3.34396515859868,208.237250554324
3.35307678028423,208.390243902439
3.36218840196979,208.374722838137
3.37130002365534,208.365853658537
3.3804116453409,208.252771618625
3.38952326702645,208.217294900222
3.39863488871201,208.09756097561
3.40774651039756,208.026607538803
3.41685813208312,208.031042128603
3.42596975376867,208.053215077605
3.43508137545423,208.079822616408
3.44419299713978,208.246119733925
3.45330461882534,208.427937915743
3.46241624051089,208.70288248337
3.47152786219645,208.9977827051
3.480639483882,209.341463414634
3.48975110556756,209.736141906874
3.49886272725311,210.068736141907
3.50797434893867,210.465631929047
3.51708597062422,210.875831485588
3.52619759230978,211.237250554324
3.53530921399533,211.538802660754
3.54442083568089,211.873614190687
3.55353245736644,212.110864745011
3.562644079052,212.319290465632
3.57175570073755,212.509977827051
3.58086732242311,212.638580931264
3.58997894410866,212.729490022173
3.59909056579422,212.716186252772
3.60820218747977,212.643015521064
3.61731380916533,212.467849223947
3.62642543085088,212.257206208426
3.63553705253644,211.853658536585
3.64464867422199,211.370288248337
3.65376029590755,210.847006651885
3.6628719175931,210.272727272727
3.67198353927866,209.580931263858
3.68109516096421,209.015521064302
3.69020678264977,208.552106430155
3.69931840433532,208.128603104213
3.70843002602088,207.844789356984
3.71754164770643,207.694013303769
3.72665326939199,207.709534368071
3.73576489107754,207.807095343681
3.7448765127631,208
3.75398813444865,208.055432372506
3.76309975613421,208.148558758315
3.77221137781976,208.064301552106
3.78132299950532,207.882483370288
3.79043462119087,207.536585365854
3.79954624287643,207.184035476718
3.80865786456198,206.694013303769
3.81776948624754,206.20177383592
3.82688110793309,205.747228381375
3.83599272961865,205.283813747228
3.8451043513042,204.993348115299
3.85421597298976,204.671840354767
3.86332759467531,204.618625277162
3.87243921636087,204.50110864745
3.88155083804642,204.430155210643
3.89066245973198,204.361419068736
3.89977408141753,204.292682926829
3.90888570310309,204.152993348115
3.91799732478864,203.90465631929
3.9271089464742,203.718403547672
3.93622056815975,203.345898004435
3.94533218984531,203.086474501109
3.95444381153086,202.769401330377
3.96355543321642,202.465631929047
3.97266705490197,202.308203991131
3.98177867658753,202.161862527716
3.99089029827308,202.044345898004
4.00000191995864,202.024390243902
4.00911354164419,202.048780487805
4.01822516332975,202.179600886918
4.0273367850153,202.370288248337
4.03644840670086,202.554323725055
4.04556002838641,202.731707317073
4.05467165007197,202.935698447894
4.06378327175752,203.0022172949
4.07289489344308,203.115299334812
4.08200651512863,203.10199556541
4.09111813681419,203.019955654102
4.10022975849974,202.915742793792
4.1093413801853,202.780487804878
4.11845300187085,202.689578713969
4.12756462355641,202.523281596452
4.13667624524196,202.481152993348
4.14578786692752,202.434589800443
4.15489948861307,202.494456762749
4.16401111029863,202.658536585366
4.17312273198418,202.882483370288
4.18223435366974,203.192904656319
4.19134597535529,203.487804878049
4.20045759704085,203.658536585366
4.2095692187264,203.891352549889
4.21868084041196,204.079822616408
4.22779246209751,204.20399113082
4.23690408378307,204.292682926829
4.24601570546862,204.239467849224
4.25512732715418,204.186252771619
4.26423894883973,204.175166297118
4.27335057052529,204.179600886918
4.28246219221084,204.0022172949
4.2915738138964,203.760532150776
4.30068543558195,203.532150776053
4.30979705726751,203.079822616408
4.31890867895306,202.390243902439
4.32802030063862,201.576496674058
4.33713192232417,200.611973392461
4.34624354400973,199.536585365854
4.35535516569528,198.321507760532
4.36446678738084,197.365853658537
4.37357840906639,196.361419068736
4.38269003075195,195.691796008869
4.3918016524375,195.419068736142
4.40091327412306,195.456762749446
4.41002489580861,195.80266075388
4.41913651749417,196.441241685144
4.42824813917972,197.294900221729
4.43735976086528,198.294900221729
4.44647138255083,199.261640798226
4.45558300423639,200.017738359202
4.46469462592194,200.643015521064
4.4738062476075,200.940133037694
4.48291786929305,200.957871396896
4.49202949097861,200.733924611973
4.50114111266416,200.106430155211
4.51025273434972,199.385809312639
4.51936435603527,198.536585365854
4.52847597772083,197.656319290466
4.53758759940638,196.833702882483
4.54669922109194,196.09534368071
4.55581084277749,195.534368070953
4.56492246446305,195.075388026608
4.5740340861486,194.878048780488
4.58314570783416,194.79822616408
4.59225732951971,194.89800443459
4.60136895120527,195.108647450111
4.61048057289082,195.383592017738
4.61959219457638,195.780487804878
4.62870381626193,196.263858093126
4.63781543794749,196.807095343681
4.64692705963304,197.348115299335
4.6560386813186,197.975609756098
4.66515030300415,198.651884700665
4.67426192468971,199.152993348115
4.68337354637526,199.674057649667
4.69248516806082,200.013303769401
4.70159678974637,200.290465631929
4.71070841143193,200.463414634146
4.71982003311748,200.472283813747
4.72893165480304,200.343680709534
4.73804327648859,200.157427937916
4.74715489817415,199.862527716186
4.7562665198597,199.512195121951
4.76537814154526,199.144124168514
4.77448976323081,198.718403547672
4.78360138491637,198.159645232816
4.79271300660192,197.492239467849
4.80182462828748,196.90243902439
4.81093624997303,196.084257206208
4.82004787165859,195.281596452328
4.82915949334414,194.481152993348
4.8382711150297,193.733924611973
4.84738273671525,193.079822616408
4.85649435840081,192.523281596452
4.86560598008636,192.230598669623
4.87471760177192,192.206208425721
4.88382922345747,192.341463414634
4.89294084514303,192.716186252772
4.90205246682858,193.168514412417
4.91116408851414,193.725055432373
4.92027571019969,194.292682926829
4.92938733188525,194.767184035477
4.9384989535708,195.130820399113
4.94761057525636,195.144124168514
4.95672219694191,195.19733924612
4.96583381862747,194.982261640798
4.97494544031302,194.647450110865
4.98405706199858,194.177383592018
4.99316868368413,193.756097560976
5.00228030536969,193.376940133038
5.01139192705524,192.862527716186
5.0205035487408,192.423503325942
5.02961517042635,192.044345898004
5.03872679211191,191.574279379157
5.04783841379746,191.10421286031
5.05695003548302,190.567627494457
5.06606165716857,190.130820399113
5.07517327885413,189.716186252772
5.08428490053968,189.305986696231
5.09339652222524,189.026607538803
5.10250814391079,189.0044345898
5.11161976559635,189.139689578714
5.1207313872819,189.450110864745
5.12984300896746,189.986696230599
5.13895463065301,190.682926829268
5.14806625233857,191.583148558758
5.15717787402412,192.474501108647
5.16628949570968,193.407982261641
5.17540111739523,194.29933481153
5.18451273908079,195.026607538803
5.19362436076634,195.627494456763
5.2027359824519,196.033259423503
5.21184760413745,196.239467849224
5.22095922582301,196.381374722838
5.23007084750856,196.19955654102
5.23918246919412,196.09977827051
5.24829409087967,195.742793791574
5.25740571256523,195.385809312639
5.26651733425078,194.931263858093
5.27562895593634,194.536585365854
5.28474057762189,194.137472283814
5.29385219930745,193.70288248337
5.302963820993,193.361419068736
5.31207544267856,193.046563192905
5.32118706436411,192.90465631929
5.33029868604967,192.860310421286
5.33941030773522,192.920177383592
5.34852192942078,193.10199556541
5.35763355110633,193.368070953437
5.36674517279189,193.849223946785
5.37585679447744,194.512195121951
5.384968416163,195.09756097561
5.39408003784855,195.953436807095
5.40319165953411,196.643015521064
5.41230328121966,197.445676274945
5.42141490290522,198.039911308204
5.43052652459077,198.643015521064
5.43963814627633,199.013303769401
5.44874976796188,199.294900221729
5.45786138964744,199.259423503326
5.46697301133299,198.988913525499
5.47608463301855,198.643015521064
5.4851962547041,198.059866962306
5.49430787638966,197.432372505543
5.50341949807521,196.680709534368
5.51253111976077,195.984478935698
5.52164274144632,195.137472283814
5.53075436313188,194.472283813747
5.53986598481743,193.922394678492
5.54897760650299,193.589800443459
5.55808922818854,193.427937915743
5.5672008498741,193.407982261641
5.57631247155965,193.651884700665
5.58542409324521,194.113082039911
5.59453571493076,194.682926829268
5.60364733661632,195.461197339246
5.61275895830187,196.447893569845
5.62187057998743,197.545454545455
5.63098220167298,198.547671840355
5.64009382335854,199.483370288248
5.64920544504409,200.361419068736
5.65831706672965,200.982261640798
5.6674286884152,201.447893569845
5.67654031010076,201.729490022173
5.68565193178631,201.674057649667
5.69476355347187,201.465631929047
5.70387517515742,200.993348115299
5.71298679684298,200.385809312639
5.72209841852853,199.611973392461
5.73121004021409,198.860310421286
5.74032166189964,198.064301552106
5.7494332835852,197.248337028825
5.75854490527075,196.651884700665
5.7676565269563,196.212860310421
5.77676814864186,195.922394678492
5.78587977032741,195.760532150776
5.79499139201297,195.906873614191
5.80410301369853,196.283813747228
5.81321463538408,196.756097560976
5.82232625706964,197.410199556541
5.83143787875519,198.177383592018
5.84054950044075,199.028824833703
5.8496611221263,199.776053215078
5.85877274381185,200.359201773836
5.86788436549741,200.915742793792
5.87699598718296,201.206208425721
5.88610760886852,201.341463414634
5.89521923055408,201.228381374723
5.90433085223963,200.851441241685
5.91344247392519,200.379157427938
5.92255409561074,199.727272727273
5.9316657172963,199.031042128603
5.94077733898185,198.212860310421
5.9498889606674,197.541019955654
5.95900058235296,196.851441241685
5.96811220403851,196.150776053215
5.97722382572407,195.671840354767
5.98633544740962,195.323725055432
5.99544706909518,194.964523281596
6.00455869078074,194.911308203991
6.01367031246629,195.10199556541
6.02278193415184,195.283813747228
6.0318935558374,195.507760532151
6.04100517752295,195.922394678492
6.05011679920851,196.321507760532
6.05922842089406,196.778270509978
6.06834004257962,197.128603104213
6.07745166426517,197.376940133038
6.08656328595073,197.556541019956
6.09567490763629,197.49889135255
6.10478652932184,197.279379157428
6.11389815100739,196.838137472284
6.12300977269295,196.29711751663
6.1321213943785,195.623059866962
6.14123301606406,194.844789356984
6.15034463774961,193.975609756098
6.15945625943517,193.090909090909
6.16856788112072,192.164079822616
6.17767950280628,191.184035476718
6.18679112449183,190.339246119734
6.19590274617739,189.436807095344
6.20501436786294,188.523281596452
6.2141259895485,187.636363636364
6.22323761123405,186.80044345898
6.23234923291961,186.039911308204
6.24146085460516,185.416851441242
6.25057247629072,184.951219512195
6.25968409797627,184.625277161863
6.26879571966183,184.572062084257
6.27790734134738,184.849223946785
6.28701896303294,185.237250554324
6.29613058471849,185.820399113082
6.30524220640405,186.658536585366
6.3143538280896,187.643015521064
6.32346544977516,188.733924611973
6.33257707146071,189.853658536585
6.34168869314627,190.975609756098
6.35080031483182,192.090909090909
6.35991193651738,192.993348115299
6.36902355820293,193.951219512195
6.37813517988849,194.767184035477
6.38724680157404,195.532150776053
6.3963584232596,196.354767184035
6.40547004494515,197.093126385809
6.41458166663071,197.645232815965
6.42369328831626,198.126385809313
6.43280491000182,198.547671840355
6.44191653168737,198.824833702882
6.45102815337293,198.922394678492
6.46013977505848,198.909090909091
6.46925139674404,198.711751662971
6.47836301842959,198.294900221729
6.48747464011515,197.951219512195
6.4965862618007,197.383592017738
6.50569788348626,196.913525498891
6.51480950517181,196.30155210643
6.52392112685737,195.789356984479
6.53303274854292,195.248337028825
6.54214437022848,194.780487804878
6.55125599191403,194.352549889135
6.56036761359959,194.037694013304
6.56947923528514,193.773835920177
6.5785908569707,193.445676274945
6.58770247865625,193.184035476718
6.59681410034181,192.953436807095
6.60592572202736,192.716186252772
6.61503734371292,192.226164079823
6.62414896539847,191.687361419069
6.63326058708403,190.949002217295
6.64237220876958,190.088691796009
6.65148383045514,189.110864745011
6.66059545214069,187.784922394678
6.66970707382625,186.343680709534
6.6788186955118,184.707317073171
6.68793031719736,183.073170731707
6.69704193888291,181.463414634146
6.70615356056847,179.727272727273
6.71526518225402,177.975609756098
6.72437680393958,176.308203991131
6.73348842562513,174.853658536585
6.74260004731069,173.20399113082
6.75171166899624,171.738359201774
6.7608232906818,170.516629711752
6.76993491236735,169.19733924612
6.77904653405291,167.833702882483
6.78815815573846,166.866962305987
6.79726977742402,165.973392461197
6.80638139910957,165.281596452328
6.81549302079513,164.880266075388
6.82460464248068,165.057649667406
6.83371626416624,165.640798226164
6.84282788585179,166.268292682927
6.85193950753735,167.689578713969
6.8610511292229,169.141906873614
6.87016275090846,170.977827050998
6.87927437259401,172.90022172949
6.88838599427957,175
6.89749761596512,177.035476718404
6.90660923765068,178.731707317073
6.91572085933623,180.334811529933
6.92483248102179,181.572062084257
6.93394410270734,182.722838137472
6.9430557243929,183.414634146341
6.95216734607845,183.835920177384
6.96127896776401,184.113082039911
6.97039058944956,184.230598669623
6.97950221113512,184.232815964523
6.98861383282067,184.30155210643
6.99772545450623,184.241685144124
7.00683707619178,184.215077605322
7.01594869787734,184.19733924612
7.02506031956289,184.29711751663
7.03417194124845,184.434589800443
7.043283562934,184.525498891353
7.05239518461956,184.742793791574
7.06150680630511,185.022172949002
7.07061842799067,185.405764966741
7.07973004967622,185.567627494457
7.08884167136178,185.858093126386
7.09795329304733,186.119733924612
7.10706491473289,186.345898004435
7.11617653641844,186.439024390244
7.125288158104,186.352549889135
7.13439977978955,186.228381374723
7.14351140147511,185.960088691796
7.15262302316066,185.518847006652
7.16173464484622,184.889135254989
7.17084626653177,184.359201773836
7.17995788821733,183.753880266075
7.18906950990288,183.121951219512
7.19818113158844,182.583148558758
7.20729275327399,182.09534368071
7.21640437495955,181.780487804878
7.2255159966451,181.558758314856
7.23462761833066,181.166297117517
7.24373924001621,181.126385809313
7.25285086170177,181.077605321508
7.26196248338732,181.09977827051
7.27107410507288,181.146341463415
7.28018572675843,181.184035476718
7.28929734844399,181.073170731707
7.29840897012954,181.077605321508
7.3075205918151,181.139689578714
7.31663221350065,181.263858093126
7.32574383518621,181.465631929047
7.33485545687176,181.70288248337
7.34396707855732,182.017738359202
7.35307870024287,182.328159645233
7.36219032192843,182.769401330377
7.37130194361398,183.115299334812
7.38041356529954,183.441241685144
7.38952518698509,183.439024390244
7.39863680867065,183.279379157428
7.4077484303562,182.991130820399
7.41686005204176,182.445676274945
7.42597167372731,181.716186252772
7.43508329541287,180.756097560976
7.44419491709842,179.860310421286
7.45330653878398,178.882483370288
7.46241816046953,177.988913525499
7.47152978215509,177.055432372506
7.48064140384064,176.348115299335
7.4897530255262,175.736141906874
7.49886464721175,175.261640798226
7.50797626889731,174.880266075388
7.51708789058286,174.660753880266
7.52619951226842,174.532150776053
7.53531113395397,174.445676274945
7.54442275563953,174.425720620843
7.55353437732508,174.414634146341
7.56264599901064,174.516629711752
7.57175762069619,174.547671840355
7.58086924238175,174.611973392461
7.5899808640673,174.627494456763
7.59909248575286,174.691796008869
7.60820410743841,174.751662971175
7.61731572912397,174.820399113082
7.62642735080952,174.831485587583
7.63553897249508,174.909090909091
7.64465059418063,175.024390243902
7.65376221586619,175.19955654102
7.66287383755174,175.478935698448
7.6719854592373,175.840354767184
7.68109708092285,176.274944567628
7.69020870260841,176.871396895787
7.69932032429396,177.587583148559
7.70843194597952,178.372505543237
7.71754356766507,179.168514412417
7.72665518935063,179.833702882483
7.73576681103618,180.545454545455
7.74487843272174,181.008869179601
7.75399005440729,181.365853658537
7.76310167609285,181.423503325942
7.7722132977784,181.363636363636
7.78132491946396,181.075388026608
7.79043654114951,180.636363636364
7.79954816283507,180.039911308204
7.80865978452062,179.314855875831
7.81777140620618,178.70288248337
7.82688302789173,178.135254988914
7.83599464957729,177.569844789357
7.84510627126284,177.115299334812
7.8542178929484,176.80266075388
7.86332951463395,176.29711751663
7.87244113631951,175.973392461197
7.88155275800506,175.585365853659
7.89066437969062,175.150776053215
7.89977600137617,174.607538802661
7.90888762306173,174.066518847007
7.91799924474728,173.580931263858
7.92711086643284,173.073170731707
7.93622248811839,172.594235033259
7.94533410980395,172.388026607539
7.9544457314895,172.368070953437
7.96355735317506,172.494456762749
7.97266897486061,172.79600886918
7.98178059654617,173.356984478936
7.99089221823172,174.10199556541
8.00000383991728,174.860310421286
8.00911546160283,175.758314855876
8.01822708328839,176.463414634146
8.02733870497394,177.126385809313
8.0364503266595,177.793791574279
8.04556194834505,178.319290465632
8.05467357003061,178.680709534368
8.06378519171616,178.90022172949
8.07289681340172,179.048780487805
8.08200843508727,179.10421286031
8.09112005677283,178.931263858093
8.10023167845838,178.784922394678
8.10934330014394,178.525498891353
8.11845492182949,178.192904656319
8.12756654351505,177.711751662971
8.1366781652006,177.070953436807
8.14578978688616,176.458980044346
8.15490140857171,175.813747228381
8.16401303025727,175.246119733925
8.17312465194282,174.649667405765
8.18223627362838,174.09977827051
8.19134789531393,173.705099778271
8.20045951699949,173.356984478936
8.20957113868504,173.090909090909
8.2186827603706,172.849223946785
8.22779438205615,172.680709534368
8.23690600374171,172.649667405765
8.24601762542726,172.60088691796
8.25512924711282,172.556541019956
8.26424086879837,172.647450110865
8.27335249048393,172.789356984479
8.28246411216948,173.024390243902
8.29157573385504,173.272727272727
8.30068735554059,173.767184035477
8.30979897722615,174.215077605322
8.3189105989117,174.722838137472
8.32802222059726,175.274944567628
8.33713384228281,175.851441241685
8.34624546396837,176.361419068736
8.35535708565392,176.727272727273
8.36446870733948,177.088691796009
8.37358032902503,177.370288248337
8.38269195071059,177.49889135255
8.39180357239614,177.687361419069
8.4009151940817,177.882483370288
8.41002681576725,178.011086474501
8.4191384374528,178.09977827051
8.42825005913836,178.09534368071
8.43736168082392,178.175166297118
8.44647330250947,178.157427937916
8.45558492419503,178.070953436807
8.46469654588058,177.847006651885
8.47380816756614,177.69623059867
8.48291978925169,177.558758314856
8.49203141093725,177.317073170732
8.5011430326228,177.09756097561
8.51025465430835,176.9955654102
8.51936627599391,177.066518847007
8.52847789767947,177.288248337029
8.53758951936502,177.645232815965
8.54670114105058,178.263858093126
8.55581276273613,178.962305986696
8.56492438442169,179.90243902439
8.57403600610724,180.829268292683
8.5831476277928,181.860310421286
8.59225924947835,183.035476718404
8.6013708711639,184.035476718404
8.61048249284946,184.9977827051
8.61959411453502,185.809312638581
8.62870573622057,186.556541019956
8.63781735790613,187.024390243902
8.64692897959168,187.392461197339
8.65604060127724,187.640798226164
8.66515222296279,187.685144124169
8.67426384464835,187.521064301552
8.6833754663339,187.270509977827
8.69248708801945,186.906873614191
8.70159870970501,186.39911308204
8.71071033139057,185.90022172949
8.71982195307612,185.337028824834
8.72893357476167,184.753880266075
8.73804519644723,184.210643015521
8.74715681813279,183.778270509978
8.75626843981834,183.359201773836
8.7653800615039,183.062084257206
8.77449168318945,182.824833702882
8.783603304875,182.827050997783
8.79271492656056,182.835920177384
8.80182654824612,182.891352549889
8.81093816993167,183.048780487805
8.82004979161722,183.270509977827
8.82916141330278,183.518847006652
8.83827303498833,183.691796008869
8.84738465667389,183.864745011086
8.85649627835945,184.237250554324
8.865607900045,184.516629711752
8.87471952173055,184.886917960089
8.88383114341611,185.286031042129
8.89294276510167,185.587583148559
8.90205438678722,186.015521064302
8.91116600847277,186.385809312639
8.92027763015833,186.654101995565
8.92938925184388,186.722838137472
8.93850087352944,186.662971175166
8.947612495215,186.419068736142
8.95672411690055,185.933481152993
8.9658357385861,185.310421286031
8.97494736027166,184.505543237251
8.98405898195722,183.727272727273
8.99317060364277,182.977827050998
9.00228222532832,182.379157427938
9.01139384701388,181.847006651885
9.02050546869943,181.689578713969
9.02961709038499,181.756097560976
9.03872871207055,182.217294900222
9.0478403337561,182.849223946785
9.05695195544165,183.762749445676
9.06606357712721,184.80044345898
9.07517519881277,185.931263858093
9.08428682049832,186.824833702882
9.09339844218387,187.589800443459
9.10251006386943,188.09756097561
9.11162168555498,188.341463414634
9.12073330724054,188.343680709534
9.12984492892609,187.860310421286
9.13895655061165,187.288248337029
9.1480681722972,186.40354767184
9.15717979398276,185.374722838137
9.16629141566832,184.243902439024
9.17540303735387,183.073170731707
9.18451465903942,182.066518847007
9.19362628072498,181.141906873614
9.20273790241053,180.272727272727
9.21184952409609,179.492239467849
9.22096114578164,178.980044345898
9.2300727674672,178.545454545455
9.23918438915275,178.106430155211
9.24829601083831,177.793791574279
9.25740763252387,177.587583148559
9.26651925420942,177.443458980044
9.27563087589497,177.385809312639
9.28474249758053,177.339246119734
9.29385411926608,177.325942350333
9.30296574095164,177.423503325942
9.31207736263719,177.512195121951
9.32118898432275,177.733924611973
9.3303006060083,178.0022172949
9.33941222769386,178.445676274945
9.34852384937941,178.90243902439
9.35763547106497,179.50332594235
9.36674709275052,180.188470066519
9.37585871443608,180.893569844789
9.38497033612163,181.654101995565
9.39408195780719,182.481152993348
9.40319357949274,183.29711751663
9.4123052011783,183.984478935698
9.42141682286385,184.490022172949
9.43052844454941,184.89800443459
9.43964006623496,185.053215077605
9.44875168792052,185.159645232816
9.45786330960607,185.088691796009
9.46697493129163,184.915742793792
9.47608655297718,184.572062084257
9.48519817466274,184.217294900222
9.49430979634829,183.89578713969
9.50342141803385,183.60310421286
9.5125330397194,183.348115299335
9.52164466140496,182.9955654102
9.53075628309051,182.833702882483
9.53986790477607,182.647450110865
9.54897952646162,182.49889135255
9.55809114814718,182.314855875831
9.56720276983273,182.168514412417
9.57631439151829,182.028824833703
9.58542601320384,181.844789356984
9.5945376348894,181.756097560976
9.60364925657495,181.747228381375
9.61276087826051,181.831485587583
9.62187249994606,182.053215077605
9.63098412163162,182.381374722838
9.64009574331717,182.811529933481
9.64920736500273,183.288248337029
9.65831898668828,183.809312638581
9.66743060837384,184.487804878049
9.67654223005939,184.891352549889
9.68565385174495,185.425720620843
9.6947654734305,185.793791574279
9.70387709511606,186.133037694013
9.71298871680161,186.350332594235
9.72210033848717,186.60310421286
9.73121196017272,186.787139689579
9.74032358185828,187.013303769401
9.74943520354383,187.20177383592
9.75854682522939,187.461197339246
9.76765844691494,187.609756097561
9.7767700686005,187.751662971175
9.78588169028605,187.924611973392
9.79499331197161,188.035476718404
9.80410493365716,188.042128603104
9.81321655534272,188.019955654102
9.82232817702827,187.871396895787
9.83143979871383,187.729490022173
9.84055142039938,187.627494456763
9.84966304208494,187.605321507761
9.85877466377049,187.745011086475
9.86788628545605,187.931263858093
9.8769979071416,188.221729490022
9.88610952882716,188.742793791574
9.89522115051271,189.416851441242
9.90433277219827,190.068736141907
9.91344439388382,190.913525498891
9.92255601556938,191.729490022173
9.93166763725493,192.485587583149
9.94077925894049,193.268292682927
9.94989088062604,193.966740576497
9.9590025023116,194.567627494457
9.96811412399715,195.053215077605
9.97722574568271,195.472283813747
9.98633736736826,195.747228381375
9.99544898905382,195.977827050998
10.0045606107394,196.037694013304
10.0136722324249,196.10199556541
10.0227838541105,196.057649667406
10.031895475796,195.90022172949
10.0410070974816,195.578713968958
10.0501187191671,195.294900221729
10.0592303408527,194.937915742794
10.0683419625383,194.538802660754
10.0774535842238,194.135254988914
10.0865652059094,193.767184035477
10.0956768275949,193.412416851441
10.1047884492805,193.070953436807
10.113900070966,192.70066518847
10.1230116926516,192.332594235033
10.1321233143371,192.210643015521
10.1412349360227,192.057649667406
10.1503465577083,191.855875831486
10.1594581793938,191.767184035477
10.1685698010794,191.776053215078
10.1776814227649,191.813747228381
10.1867930444505,191.968957871397
10.195904666136,192.230598669623
10.2050162878216,192.60310421286
10.2141279095071,192.880266075388
10.2232395311927,193.343680709534
10.2323511528782,193.638580931264
10.2414627745638,193.858093126386
10.2505743962494,193.966740576497
10.2596860179349,193.90243902439
10.2687976396205,193.745011086475
10.277909261306,193.337028824834
10.2870208829916,192.80487804878
10.2961325046771,192.011086474501
10.3052441263627,191.181818181818
10.3143557480482,190.279379157428
10.3234673697338,189.454545454545
10.3325789914194,188.567627494457
10.3416906131049,187.711751662971
10.3508022347905,187.013303769401
10.359913856476,186.516629711752
10.3690254781616,186.108647450111
10.3781370998471,185.791574279379
10.3872487215327,185.623059866962
10.3963603432182,185.651884700665
10.4054719649038,185.851441241685
10.4145835865893,186.166297117517
10.4236952082749,186.623059866962
10.4328068299605,187.070953436807
10.441918451646,187.685144124169
10.4510300733316,188.268292682927
10.4601416950171,188.866962305987
10.4692533167027,189.250554323725
10.4783649383882,189.594235033259
10.4874765600738,189.79822616408
10.4965881817593,189.838137472284
10.5056998034449,189.80044345898
10.5148114251305,189.587583148559
10.523923046816,189.345898004435
10.5330346685016,188.986696230599
10.5421462901871,188.569844789357
10.5512579118727,188.19512195122
10.5603695335582,187.851441241685
10.5694811552438,187.481152993348
10.5785927769293,187.044345898004
10.5877043986149,186.605321507761
10.5968160203004,186.175166297118
10.605927641986,185.753880266075
10.6150392636716,185.323725055432
10.6241508853571,184.962305986696
10.6332625070427,184.623059866962
10.6423741287282,184.565410199557
10.6514857504138,184.638580931264
10.6605973720993,184.971175166297
10.6697089937849,185.379157427938
10.6788206154704,185.962305986696
10.687932237156,186.824833702882
10.6970438588416,187.671840354767
10.7061554805271,188.569844789357
10.7152671022127,189.439024390244
10.7243787238982,190.073170731707
10.7334903455838,190.490022172949
10.7426019672693,190.689578713969
10.7517135889549,190.769401330377
10.7608252106404,190.410199556541
10.769936832326,190.024390243902
10.7790484540115,189.50332594235
10.7881600756971,188.893569844789
10.7972716973827,188.212860310421
10.8063833190682,187.536585365854
10.8154949407538,187.015521064302
10.8246065624393,186.558758314856
10.8337181841249,186.159645232816
10.8428298058104,185.849223946785
10.851941427496,185.687361419069
10.8610530491815,185.643015521064
10.8701646708671,185.720620842572
10.8792762925527,185.913525498891
10.8883879142382,186.133037694013
10.8974995359238,186.629711751663
10.9066111576093,187.232815964523
10.9157227792949,187.926829268293
10.9248344009804,188.718403547672
10.933946022666,189.656319290466
10.9430576443515,190.636363636364
10.9521692660371,191.470066518847
10.9612808877226,192.312638580931
10.9703925094082,193.077605321508
10.9795041310938,193.709534368071
10.9886157527793,194.19512195122
10.9977273744649,194.49889135255
11.0068389961504,194.638580931264
11.015950617836,194.558758314856
11.0250622395215,194.261640798226
11.0341738612071,193.869179600887
11.0432854828926,193.177383592018
11.0523971045782,192.456762749446
11.0615087262638,191.623059866962
11.0706203479493,190.607538802661
11.0797319696349,189.654101995565
11.0888435913204,188.638580931264
11.097955213006,187.676274944568
11.1070668346915,186.725055432373
11.1161784563771,185.986696230599
11.1252900780626,185.472283813747
11.1344016997482,185.09977827051
11.1435133214337,184.89578713969
11.1526249431193,184.953436807095
11.1617365648049,185.186252771619
11.1708481864904,185.685144124169
11.179959808176,186.248337028825
11.1890714298615,186.949002217295
11.1981830515471,187.647450110865
11.2072946732326,188.305986696231
11.2164062949182,188.90243902439
11.2255179166037,189.356984478936
11.2346295382893,189.691796008869
11.2437411599749,189.853658536585
11.2528527816604,189.880266075388
11.261964403346,189.685144124169
11.2710760250315,189.383592017738
11.2801876467171,188.884700665188
11.2892992684026,188.412416851441
11.2984108900882,187.70066518847
11.3075225117737,187.006651884701
11.3166341334593,186.272727272727
11.3257457551448,185.611973392461
11.3348573768304,184.915742793792
11.343968998516,184.294900221729
11.3530806202015,183.713968957871
11.3621922418871,183.272727272727
11.3713038635726,182.90465631929
11.3804154852582,182.678492239468
11.3895271069437,182.456762749446
11.3986387286293,182.405764966741
11.4077503503148,182.616407982262
11.4168619720004,183.053215077605
11.425973593686,183.514412416851
11.4350852153715,184.184035476718
11.4441968370571,185.079822616408
11.4533084587426,185.937915742794
11.4624200804282,186.89578713969
11.4715317021137,187.738359201774
11.4806433237993,188.634146341463
11.4897549454848,189.281596452328
11.4988665671704,189.682926829268
11.5079781888559,189.891352549889
11.5170898105415,189.842572062084
11.5262014322271,189.565410199557
11.5353130539126,189.144124168514
11.5444246755982,188.481152993348
11.5535362972837,187.831485587583
11.5626479189693,186.980044345898
11.5717595406548,186.192904656319
11.5808711623404,185.447893569845
11.5899827840259,184.725055432373
11.5990944057115,184.172949002217
11.6082060273971,183.60088691796
11.6173176490826,183.177383592018
11.6264292707682,182.705099778271
11.6355408924537,182.352549889135
11.6446525141393,181.9977827051
11.6537641358248,181.753880266075
11.6628757575104,181.478935698448
11.6719873791959,181.323725055432
11.6810990008815,181.168514412417
11.690210622567,181.073170731707
11.6993222442526,181.113082039911
11.7084338659382,181.261640798226
11.7175454876237,181.536585365854
11.7266571093093,181.824833702882
11.7357687309948,182.263858093126
11.7448803526804,182.738359201774
11.7539919743659,183.168514412417
11.7631035960515,183.534368070953
11.772215217737,183.855875831486
11.7813268394226,184.079822616408
11.7904384611082,184.117516629712
11.7995500827937,183.864745011086
11.8086617044793,183.609756097561
11.8177733261648,183.084257206208
11.8268849478504,182.507760532151
11.8359965695359,181.791574279379
11.8451081912215,181.059866962306
11.854219812907,180.243902439024
11.8633314345926,179.470066518847
11.8724430562781,178.740576496674
11.8815546779637,178.013303769401
11.8906662996493,177.490022172949
11.8997779213348,177.090909090909
11.9088895430204,176.80044345898
11.9180011647059,176.59645232816
11.9271127863915,176.580931263858
11.936224408077,176.532150776053
11.9453360297626,176.649667405765
11.9544476514481,176.782705099778
11.9635592731337,176.9977827051
11.9726708948192,177.022172949002
11.9817825165048,177.070953436807
11.9908941381904,177.079822616408
12.0000057598759,176.880266075388
12.0091173815615,176.60088691796
12.018229003247,176.144124168514
12.0273406249326,175.791574279379
12.0364522466181,175.246119733925
12.0455638683037,174.625277161863
12.0546754899892,174.137472283814
12.0637871116748,173.731707317073
12.0728987333604,173.356984478936
12.0820103550459,173.130820399113
12.0911219767315,172.829268292683
12.100233598417,172.90465631929
12.1093452201026,172.940133037694
12.1184568417881,173.10199556541
12.1275684634737,173.266075388027
12.1366800851592,173.541019955654
12.1457917068448,173.849223946785
12.1549033285303,174.166297117517
12.1640149502159,174.614190687361
12.1731265719015,175.064301552106
12.182238193587,175.70066518847
12.1913498152726,176.243902439024
12.2004614369581,176.909090909091
12.2095730586437,177.656319290466
12.2186846803292,178.394678492239
12.2277963020148,179.223946784922
12.2369079237003,180.137472283814
12.2460195453859,180.935698447894
12.2551311670715,181.665188470067
12.264242788757,182.532150776053
12.2733544104426,183.133037694013
12.2824660321281,183.60310421286
12.2915776538137,183.791574279379
12.3006892754992,183.942350332594
12.3098008971848,183.875831485588
12.3189125188703,183.549889135255
12.3280241405559,183.017738359202
12.3371357622414,182.374722838137
12.346247383927,181.59645232816
12.3553590056126,180.747228381375
12.3644706272981,179.984478935698
12.3735822489837,179.235033259424
12.3826938706692,178.563192904656
12.3918054923548,178.177383592018
12.4009171140403,177.707317073171
12.4100287357259,177.529933481153
12.4191403574114,177.390243902439
12.428251979097,177.339246119734
12.4373636007826,177.310421286031
12.4464752224681,177.390243902439
12.4555868441537,177.359201773836
12.4646984658392,177.212860310421
12.4738100875248,177.066518847007
12.4829217092103,176.884700665188
12.4920333308959,176.565410199557
12.5011449525814,176.223946784922
12.510256574267,175.982261640798
12.5193681959525,175.623059866962
12.5284798176381,175.376940133038
12.5375914393237,175.186252771619
12.5467030610092,175.139689578714
12.5558146826948,175.212860310421
12.5649263043803,175.372505543237
12.5740379260659,175.654101995565
12.5831495477514,176.159645232816
12.592261169437,176.767184035477
12.6013727911225,177.379157427938
12.6104844128081,178.088691796009
12.6195960344937,178.982261640798
12.6287076561792,179.685144124169
12.6378192778648,180.319290465632
12.6469308995503,180.953436807095
12.6560425212359,181.341463414634
12.6651541429214,181.691796008869
12.674265764607,181.880266075388
12.6833773862925,181.955654101996
12.6924890079781,182.044345898004
12.7016006296636,182.031042128603
12.7107122513492,182.113082039911
12.7198238730348,182.188470066519
12.7289354947203,182.188470066519
12.7380471164059,182.376940133038
12.7471587380914,182.463414634146
12.756270359777,182.707317073171
12.7653819814625,182.835920177384
12.7744936031481,182.971175166297
12.7836052248336,183.011086474501
12.7927168465192,182.906873614191
12.8018284682048,182.833702882483
12.8109400898903,182.849223946785
12.8200517115759,182.745011086475
12.8291633332614,182.79822616408
12.838274954947,182.80044345898
12.8473865766325,182.982261640798
12.8564981983181,183.170731707317
12.8656098200036,183.447893569845
12.8747214416892,183.829268292683
12.8838330633747,184.137472283814
12.8929446850603,184.707317073171
12.9020563067459,185.057649667406
12.9111679284314,185.456762749446
12.920279550117,185.70066518847
12.9293911718025,185.858093126386
12.9385027934881,186.073170731707
12.9476144151736,186.226164079823
12.9567260368592,186.341463414634
12.9658376585447,186.483370288248
12.9749492802303,186.634146341463
12.9840609019159,186.79600886918
12.9931725236014,186.931263858093
13.002284145287,187.208425720621
13.0113957669725,187.465631929047
13.0205073886581,187.767184035477
13.0296190103436,188.128603104213
13.0387306320292,188.505543237251
13.0478422537147,188.920177383592
13.0569538754003,189.388026607539
13.0660654970858,189.917960088692
13.0751771187714,190.492239467849
13.084288740457,191.108647450111
13.0934003621425,191.682926829268
13.1025119838281,192.419068736142
13.1116236055136,193.184035476718
13.1207352271992,194.039911308204
13.1298468488847,194.864745011086
13.1389584705703,195.782705099778
13.1480700922558,196.609756097561
13.1571817139414,197.308203991131
13.166293335627,198.048780487805
13.1754049573125,198.747228381375
13.1845165789981,199.241685144124
13.1936282006836,199.669623059867
13.2027398223692,199.951219512195
13.2118514440547,200.192904656319
13.2209630657403,200.186252771619
13.2300746874258,200.175166297118
13.2391863091114,200.079822616408
13.2482979307969,199.829268292683
13.2574095524825,199.791574279379
13.2665211741681,199.474501108647
13.2756327958536,199.292682926829
13.2847444175392,198.960088691796
13.2938560392247,198.718403547672
13.3029676609103,198.465631929047
13.3120792825958,198.188470066519
13.3211909042814,198.006651884701
13.3303025259669,197.829268292683
13.3394141476525,197.682926829268
13.3485257693381,197.60310421286
13.3576373910236,197.521064301552
13.3667490127092,197.567627494457
13.3758606343947,197.594235033259
13.3849722560803,197.740576496674
13.3940838777658,198.0022172949
13.4031954994514,198.241685144124
13.4123071211369,198.662971175166
13.4214187428225,199.150776053215
13.430530364508,199.70066518847
13.4396419861936,200.270509977827
13.4487536078792,200.951219512195
13.4578652295647,201.69623059867
13.4669768512503,202.270509977827
13.4760884729358,202.822616407982
13.4852000946214,203.352549889135
13.4943117163069,203.858093126386
13.5034233379925,204.246119733925
13.512534959678,204.470066518847
13.5216465813636,204.718403547672
13.5307582030492,204.733924611973
13.5398698247347,204.658536585366
13.5489814464203,204.518847006652
13.5580930681058,204.379157427938
13.5672046897914,204.084257206208
13.5763163114769,203.705099778271
13.5854279331625,203.388026607539
13.594539554848,202.942350332594
13.6036511765336,202.59866962306
13.6127627982191,202.184035476718
13.6218744199047,201.869179600887
13.6309860415903,201.60310421286
13.6400976632758,201.405764966741
13.6492092849614,201.388026607539
13.6583209066469,201.328159645233
13.6674325283325,201.494456762749
13.676544150018,201.634146341463
13.6856557717036,201.79822616408
13.6947673933891,201.90022172949
13.7038790150747,202.024390243902
13.7129906367603,201.993348115299
13.7221022584458,201.906873614191
13.7312138801314,201.80044345898
13.7403255018169,201.636363636364
13.7494371235025,201.379157427938
13.758548745188,200.964523281596
13.7676603668736,200.716186252772
13.7767719885591,200.430155210643
13.7858836102447,200.175166297118
13.7949952319302,199.742793791574
13.8041068536158,199.518847006652
13.8132184753014,199.093126385809
13.8223300969869,198.671840354767
13.8314417186725,198.048780487805
13.840553340358,197.494456762749
13.8496649620436,196.913525498891
13.8587765837291,196.407982261641
13.8678882054147,195.784922394678
13.8769998271002,195.385809312639
13.8861114487858,195.113082039911
13.8952230704714,194.875831485588
13.9043346921569,194.935698447894
13.9134463138425,195.064301552106
13.922557935528,195.381374722838
13.9316695572136,195.762749445676
13.9407811788991,196.175166297118
13.9498928005847,196.565410199557
13.9590044222702,196.924611973392
13.9681160439558,197.317073170732
13.9772276656413,197.59645232816
13.9863392873269,197.793791574279
13.9954509090125,198.028824833703
14.004562530698,198.015521064302
14.0136741523836,198.042128603104
14.0227857740691,197.864745011086
14.0318973957547,197.725055432373
14.0410090174402,197.583148558758
14.0501206391258,197.243902439024
14.0592322608113,197.015521064302
14.0683438824969,196.647450110865
14.0774555041825,196.374722838137
14.086567125868,196.019955654102
14.0956787475536,195.731707317073
14.1047903692391,195.556541019956
14.1139019909247,195.350332594235
14.1230136126102,195.257206208426
14.1321252342958,195.279379157428
14.1412368559813,195.246119733925
14.1503484776669,195.181818181818
14.1594600993524,195.210643015521
14.168571721038,195.294900221729
14.1776833427236,195.390243902439
14.1867949644091,195.368070953437
14.1959065860947,195.589800443459
14.2050182077802,195.776053215078
14.2141298294658,196.079822616408
14.2232414511513,196.434589800443
14.2323530728369,196.931263858093
14.2414646945224,197.405764966741
14.250576316208,197.860310421286
14.2596879378936,198.292682926829
14.2687995595791,198.762749445676
14.2779111812647,199.064301552106
14.2870228029502,199.215077605322
14.2961344246358,199.266075388027
14.3052460463213,199.235033259424
14.3143576680069,199.042128603104
14.3234692896924,198.789356984479
14.332580911378,198.631929046563
14.3416925330635,198.556541019956
14.3508041547491,198.680709534368
14.3599157764347,198.835920177384
14.3690273981202,199.294900221729
14.3781390198058,199.707317073171
14.3872506414913,200.192904656319
14.3963622631769,200.631929046563
14.4054738848624,201.137472283814
14.414585506548,201.50332594235
14.4236971282335,201.716186252772
14.4328087499191,201.871396895787
14.4419203716047,202.073170731707
14.4510319932902,202.323725055432
14.4601436149758,202.443458980044
