"Date: 11/19/2019 10:49:18 AM"
0
#TRUE#,#FALSE#,#FALSE#
#TRUE#
116,116.25,116.000014881387
"E:\Scan 1\OFRA9_Coral_1_2_6_BONE.bmp"
""
212,647,1506,657,1510,178,216,168
1295
0,205.90625
8.62068854924312E-03,206.11875
1.72413770984862E-02,206.522916666667
2.58620656477294E-02,207.133333333333
3.44827541969725E-02,208.085416666667
4.31034427462156E-02,209.13125
5.17241312954587E-02,210.135416666667
6.03448198447018E-02,211.052083333333
6.89655083939449E-02,212.002083333333
7.75861969431881E-02,212.808333333333
8.62068854924312E-02,213.458333333333
9.48275740416743E-02,213.895833333333
.103448262590917,214.235416666667
.112068951140161,214.352083333333
.120689639689404,214.129166666667
.129310328238647,213.864583333333
.13793101678789,213.46875
.146551705337133,212.864583333333
.155172393886376,212.227083333333
.163793082435619,211.702083333333
.172413770984862,211.275
.181034459534105,210.891666666667
.189655148083349,210.708333333333
.198275836632592,210.616666666667
.206896525181835,210.570833333333
.215517213731078,210.629166666667
.224137902280321,210.720833333333
.232758590829564,210.829166666667
.241379279378807,210.754166666667
.24999996792805,210.525
.258620656477294,210.102083333333
.267241345026537,209.483333333333
.27586203357578,208.622916666667
.284482722125023,207.564583333333
.293103410674266,206.43125
.301724099223509,205.216666666667
.310344787772752,204
.318965476321995,202.847916666667
.327586164871238,201.927083333333
.336206853420482,201.1125
.344827541969725,200.6875
.353448230518968,200.3625
.362068919068211,200.335416666667
.370689607617454,200.252083333333
.379310296166697,200.410416666667
.38793098471594,200.677083333333
.396551673265183,200.791666666667
.405172361814427,200.791666666667
.41379305036367,201
.422413738912913,200.985416666667
.431034427462156,201.039583333333
.439655116011399,200.810416666667
.448275804560642,200.783333333333
.456896493109885,200.652083333333
.465517181659128,200.279166666667
.474137870208371,200.0125
.482758558757615,199.635416666667
.491379247306858,199.145833333333
.499999935856101,198.74375
.508620624405344,198.289583333333
.517241312954587,197.83125
.52586200150383,197.452083333333
.534482690053073,197.227083333333
.543103378602316,197.260416666667
.55172406715156,197.43125
.560344755700803,197.875
.568965444250046,198.554166666667
.577586132799289,199.44375
.586206821348532,200.5625
.594827509897775,201.752083333333
.603448198447018,202.858333333333
.612068886996261,203.852083333333
.620689575545504,204.589583333333
.629310264094748,205.070833333333
.637930952643991,205.302083333333
.646551641193234,205.189583333333
.655172329742477,204.739583333333
.66379301829172,204.091666666667
.672413706840963,203.314583333333
.681034395390206,202.327083333333
.689655083939449,201.1875
.698275772488693,200.104166666667
.706896461037936,199.135416666667
.715517149587179,198.210416666667
.724137838136422,197.372916666667
.732758526685665,196.683333333333
.741379215234908,196.110416666667
.749999903784151,195.547916666667
.758620592333394,195.075
.767241280882637,194.758333333333
.775861969431881,194.522916666667
.784482657981124,194.26875
.793103346530367,194.185416666667
.80172403507961,194.254166666667
.810344723628853,194.46875
.818965412178096,194.695833333333
.827586100727339,195.075
.836206789276582,195.714583333333
.844827477825826,196.285416666667
.853448166375069,196.904166666667
.862068854924312,197.704166666667
.870689543473555,198.491666666667
.879310232022798,199.289583333333
.887930920572041,200.158333333333
.896551609121284,200.914583333333
.905172297670527,201.629166666667
.91379298621977,202.289583333333
.922413674769014,202.839583333333
.931034363318257,203.36875
.9396550518675,203.695833333333
.948275740416743,203.879166666667
.956896428965986,203.966666666667
.965517117515229,203.90625
.974137806064472,203.520833333333
.982758494613715,203.185416666667
.991379183162958,202.695833333333
.999999871712202,202.20625
1.00862056026144,201.8
1.01724124881069,201.422916666667
1.02586193735993,201.15625
1.03448262590917,200.985416666667
1.04310331445842,200.98125
1.05172400300766,201.033333333333
1.0603446915569,201.216666666667
1.06896538010615,201.433333333333
1.07758606865539,201.69375
1.08620675720463,201.88125
1.09482744575388,201.985416666667
1.10344813430312,201.885416666667
1.11206882285236,201.783333333333
1.12068951140161,201.51875
1.12931019995085,201.13125
1.13793088850009,200.679166666667
1.14655157704933,200.125
1.15517226559858,199.495833333333
1.16379295414782,198.75625
1.17241364269706,198.1125
1.18103433124631,197.46875
1.18965501979555,196.83125
1.19827570834479,196.216666666667
1.20689639689404,195.54375
1.21551708544328,194.833333333333
1.22413777399252,194.160416666667
1.23275846254177,193.585416666667
1.24137915109101,193.039583333333
1.24999983964025,192.633333333333
1.2586205281895,192.235416666667
1.26724121673874,192.120833333333
1.27586190528798,191.795833333333
1.28448259383722,191.639583333333
1.29310328238647,191.720833333333
1.30172397093571,191.839583333333
1.31034465948495,191.970833333333
1.3189653480342,192.170833333333
1.32758603658344,192.3125
1.33620672513268,192.5125
1.34482741368193,192.552083333333
1.35344810223117,192.670833333333
1.36206879078041,192.74375
1.37068947932966,192.741666666667
1.3793101678789,192.7875
1.38793085642814,192.770833333333
1.39655154497739,192.739583333333
1.40517223352663,192.6875
1.41379292207587,192.670833333333
1.42241361062511,192.58125
1.43103429917436,192.535416666667
1.4396549877236,192.433333333333
1.44827567627284,192.3875
1.45689636482209,192.264583333333
1.46551705337133,192.289583333333
1.47413774192057,192.272916666667
1.48275843046982,192.439583333333
1.49137911901906,192.545833333333
1.4999998075683,192.89375
1.50862049611755,193.241666666667
1.51724118466679,193.672916666667
1.52586187321603,194.264583333333
1.53448256176527,194.927083333333
1.54310325031452,195.45625
1.55172393886376,196.06875
1.560344627413,196.545833333333
1.56896531596225,196.735416666667
1.57758600451149,196.9625
1.58620669306073,197.097916666667
1.59482738160998,197.035416666667
1.60344807015922,196.966666666667
1.61206875870846,196.86875
1.62068944725771,196.7875
1.62931013580695,196.760416666667
1.63793082435619,196.839583333333
1.64655151290544,196.929166666667
1.65517220145468,197.2
1.66379289000392,197.591666666667
1.67241357855316,197.879166666667
1.68103426710241,198.304166666667
1.68965495565165,198.66875
1.69827564420089,199.05
1.70689633275014,199.316666666667
1.71551702129938,199.64375
1.72413770984862,199.904166666667
1.73275839839787,199.995833333333
1.74137908694711,199.922916666667
1.74999977549635,200.154166666667
1.7586204640456,200.135416666667
1.76724115259484,200.175
1.77586184114408,200.2375
1.78448252969333,200.264583333333
1.79310321824257,200.316666666667
1.80172390679181,200.31875
1.81034459534105,200.204166666667
1.8189652838903,200.108333333333
1.82758597243954,199.854166666667
1.83620666098878,199.529166666667
1.84482734953803,199.191666666667
1.85344803808727,198.8875
1.86206872663651,198.425
1.87068941518576,197.985416666667
1.879310103735,197.716666666667
1.88793079228424,197.364583333333
1.89655148083349,197.229166666667
1.90517216938273,197.2
1.91379285793197,197.254166666667
1.92241354648122,197.447916666667
1.93103423503046,197.833333333333
1.9396549235797,198.158333333333
1.94827561212894,198.6
1.95689630067819,199.047916666667
1.96551698922743,199.504166666667
1.97413767777667,199.835416666667
1.98275836632592,200.154166666667
1.99137905487516,200.339583333333
1.9999997434244,200.360416666667
2.00862043197365,200.227083333333
2.01724112052289,200.041666666667
2.02586180907213,199.691666666667
2.03448249762138,199.333333333333
2.04310318617062,198.94375
2.05172387471986,198.4625
2.06034456326911,197.995833333333
2.06896525181835,197.670833333333
2.07758594036759,197.36875
2.08620662891683,197.095833333333
2.09482731746608,197.039583333333
2.10344800601532,197.014583333333
2.11206869456456,197.06875
2.12068938311381,197.152083333333
2.12931007166305,197.347916666667
2.13793076021229,197.570833333333
2.14655144876154,197.783333333333
2.15517213731078,197.764583333333
2.16379282586002,197.920833333333
2.17241351440927,197.829166666667
2.18103420295851,197.689583333333
2.18965489150775,197.504166666667
2.198275580057,197.2
2.20689626860624,196.7
2.21551695715548,196.2125
2.22413764570472,195.820833333333
2.23275833425397,195.2375
2.24137902280321,194.710416666667
2.24999971135245,194.252083333333
2.2586203999017,193.854166666667
2.26724108845094,193.504166666667
2.27586177700018,193.208333333333
2.28448246554943,192.991666666667
2.29310315409867,192.764583333333
2.30172384264791,192.691666666667
2.31034453119716,192.489583333333
2.3189652197464,192.329166666667
2.32758590829564,192.18125
2.33620659684488,191.954166666667
2.34482728539413,191.65
2.35344797394337,191.489583333333
2.36206866249261,191.289583333333
2.37068935104186,191.222916666667
2.3793100395911,191.160416666667
2.38793072814034,191.214583333333
2.39655141668959,191.414583333333
2.40517210523883,191.683333333333
2.41379279378807,192.122916666667
2.42241348233732,192.464583333333
2.43103417088656,192.99375
2.4396548594358,193.410416666667
2.44827554798505,193.983333333333
2.45689623653429,194.4875
2.46551692508353,194.883333333333
2.47413761363277,195.266666666667
2.48275830218202,195.672916666667
2.49137899073126,195.897916666667
2.4999996792805,196.133333333333
2.50862036782975,196.247916666667
2.51724105637899,196.447916666667
2.52586174492823,196.552083333333
2.53448243347748,196.59375
2.54310312202672,196.710416666667
2.55172381057596,196.81875
2.56034449912521,196.91875
2.56896518767445,197.014583333333
2.57758587622369,197.01875
2.58620656477294,197.11875
2.59482725332218,197.2375
2.60344794187142,197.279166666667
2.61206863042066,197.308333333333
2.62068931896991,197.335416666667
2.62931000751915,197.23125
2.63793069606839,197.177083333333
2.64655138461764,197.122916666667
2.65517207316688,196.922916666667
2.66379276171612,196.791666666667
2.67241345026537,196.65
2.68103413881461,196.566666666667
2.68965482736385,196.4
2.6982755159131,196.441666666667
2.70689620446234,196.483333333333
2.71551689301158,196.652083333333
2.72413758156083,196.795833333333
2.73275827011007,197.110416666667
2.74137895865931,197.495833333333
2.74999964720855,197.79375
2.7586203357578,198.229166666667
2.76724102430704,198.679166666667
2.77586171285628,199.145833333333
2.78448240140553,199.51875
2.79310308995477,199.9625
2.80172377850401,200.2875
2.81034446705326,200.597916666667
2.8189651556025,200.866666666667
2.82758584415174,200.933333333333
2.83620653270099,201.035416666667
2.84482722125023,200.945833333333
2.85344790979947,200.94375
2.86206859834871,200.675
2.87068928689796,200.45
2.8793099754472,200.1625
2.88793066399644,199.80625
2.89655135254569,199.397916666667
2.90517204109493,199.020833333333
2.91379272964417,198.7125
2.92241341819342,198.416666666667
2.93103410674266,198.110416666667
2.9396547952919,197.922916666667
2.94827548384115,197.708333333333
2.95689617239039,197.610416666667
2.96551686093963,197.4875
2.97413754948888,197.51875
2.98275823803812,197.520833333333
2.99137892658736,197.55625
2.99999961513661,197.702083333333
3.00862030368585,197.822916666667
3.01724099223509,197.958333333333
3.02586168078433,198.127083333333
3.03448236933358,198.283333333333
3.04310305788282,198.475
3.05172374643206,198.647916666667
3.06034443498131,198.804166666667
3.06896512353055,198.879166666667
3.07758581207979,198.970833333333
3.08620650062904,199.05
3.09482718917828,199.085416666667
3.10344787772752,198.975
3.11206856627677,198.95625
3.12068925482601,198.825
3.12930994337525,198.785416666667
3.13793063192449,198.602083333333
3.14655132047374,198.420833333333
3.15517200902298,198.34375
3.16379269757222,198.14375
3.17241338612147,197.952083333333
3.18103407467071,197.772916666667
3.18965476321995,197.697916666667
3.1982754517692,197.527083333333
3.20689614031844,197.404166666667
3.21551682886768,197.266666666667
3.22413751741693,197.04375
3.23275820596617,196.829166666667
3.24137889451541,196.714583333333
3.24999958306466,196.427083333333
3.2586202716139,196.2
3.26724096016314,195.839583333333
3.27586164871238,195.597916666667
3.28448233726163,195.185416666667
3.29310302581087,194.822916666667
3.30172371436011,194.529166666667
3.31034440290936,194.127083333333
3.3189650914586,193.78125
3.32758578000784,193.283333333333
3.33620646855709,193.010416666667
3.34482715710633,192.691666666667
3.35344784565557,192.366666666667
3.36206853420482,192.083333333333
3.37068922275406,191.872916666667
3.3793099113033,191.639583333333
3.38793059985255,191.410416666667
3.39655128840179,191.266666666667
3.40517197695103,191.104166666667
3.41379266550027,191.002083333333
3.42241335404952,190.90625
3.43103404259876,190.827083333333
3.439654731148,190.854166666667
3.44827541969725,190.83125
3.45689610824649,190.85625
3.46551679679573,190.8875
3.47413748534498,190.972916666667
3.48275817389422,190.98125
3.49137886244346,190.952083333333
3.49999955099271,190.99375
3.50862023954195,191.075
3.51724092809119,191.091666666667
3.52586161664044,190.9875
3.53448230518968,190.9625
3.54310299373892,190.889583333333
3.55172368228816,190.820833333333
3.56034437083741,190.808333333333
3.56896505938665,190.747916666667
3.57758574793589,190.677083333333
3.58620643648514,190.547916666667
3.59482712503438,190.583333333333
3.60344781358362,190.51875
3.61206850213287,190.516666666667
3.62068919068211,190.583333333333
3.62930987923135,190.720833333333
3.6379305677806,190.91875
3.64655125632984,191.089583333333
3.65517194487908,191.295833333333
3.66379263342832,191.4625
3.67241332197757,191.808333333333
3.68103401052681,191.885416666667
3.68965469907605,192.05625
3.6982753876253,192.120833333333
3.70689607617454,192.108333333333
3.71551676472378,191.989583333333
3.72413745327303,191.96875
3.73275814182227,191.725
3.74137883037151,191.520833333333
3.74999951892076,191.266666666667
3.75862020747,191.022916666667
3.76724089601924,190.722916666667
3.77586158456849,190.3625
3.78448227311773,190.016666666667
3.79310296166697,189.59375
3.80172365021622,189.252083333333
3.81034433876546,188.960416666667
3.8189650273147,188.585416666667
3.82758571586394,188.24375
3.83620640441319,187.858333333333
3.84482709296243,187.552083333333
3.85344778151167,187.270833333333
3.86206847006092,186.9125
3.87068915861016,186.714583333333
3.8793098471594,186.48125
3.88793053570865,186.275
3.89655122425789,186.139583333333
3.90517191280713,186.022916666667
3.91379260135638,185.979166666667
3.92241328990562,185.922916666667
3.93103397845486,185.875
3.9396546670041,185.76875
3.94827535555335,185.752083333333
3.95689604410259,185.633333333333
3.96551673265183,185.547916666667
3.97413742120108,185.445833333333
3.98275810975032,185.414583333333
3.99137879829956,185.427083333333
3.99999948684881,185.3625
4.00862017539805,185.30625
4.01724086394729,185.30625
4.02586155249654,185.372916666667
4.03448224104578,185.477083333333
4.04310292959502,185.58125
4.05172361814427,185.708333333333
4.06034430669351,185.922916666667
4.06896499524275,186.147916666667
4.07758568379199,186.291666666667
4.08620637234124,186.525
4.09482706089048,186.702083333333
4.10344774943972,186.933333333333
4.11206843798897,187.10625
4.12068912653821,187.33125
4.12930981508745,187.58125
4.1379305036367,187.791666666667
4.14655119218594,187.989583333333
4.15517188073518,188.2625
4.16379256928443,188.597916666667
4.17241325783367,188.925
4.18103394638291,189.208333333333
4.18965463493215,189.508333333333
4.1982753234814,189.845833333333
4.20689601203064,190.089583333333
4.21551670057988,190.3625
4.22413738912913,190.560416666667
4.23275807767837,190.783333333333
4.24137876622761,190.854166666667
4.24999945477686,190.933333333333
4.2586201433261,191.014583333333
4.26724083187534,191.089583333333
4.27586152042459,191.06875
4.28448220897383,191.164583333333
4.29310289752307,191.270833333333
4.30172358607232,191.370833333333
4.31034427462156,191.40625
4.3189649631708,191.545833333333
4.32758565172005,191.704166666667
4.33620634026929,191.8125
4.34482702881853,192.008333333333
4.35344771736777,192.097916666667
4.36206840591702,192.208333333333
4.37068909446626,192.239583333333
4.3793097830155,192.25
4.38793047156475,192.220833333333
4.39655116011399,192.147916666667
4.40517184866323,192.033333333333
4.41379253721248,191.983333333333
4.42241322576172,191.8
4.43103391431096,191.6625
4.43965460286021,191.441666666667
4.44827529140945,191.189583333333
4.45689597995869,190.985416666667
4.46551666850794,190.8
4.47413735705718,190.50625
4.48275804560642,190.33125
4.49137873415566,190.160416666667
4.49999942270491,190.064583333333
4.50862011125415,189.979166666667
4.51724079980339,190.05
4.52586148835264,190.116666666667
4.53448217690188,190.325
4.54310286545112,190.608333333333
4.55172355400037,190.908333333333
4.56034424254961,191.18125
4.56896493109885,191.529166666667
4.5775856196481,191.8125
4.58620630819734,191.98125
4.59482699674658,192.220833333333
4.60344768529582,192.310416666667
4.61206837384507,192.291666666667
4.62068906239431,192.285416666667
4.62930975094355,192.21875
4.6379304394928,192.066666666667
4.64655112804204,191.941666666667
4.65517181659128,191.8375
4.66379250514053,191.627083333333
4.67241319368977,191.414583333333
4.68103388223901,191.2375
4.68965457078826,191.072916666667
4.6982752593375,190.777083333333
4.70689594788674,190.547916666667
4.71551663643599,190.185416666667
4.72413732498523,189.872916666667
4.73275801353447,189.564583333333
4.74137870208371,189.24375
4.74999939063296,188.93125
4.7586200791822,188.7375
4.76724076773144,188.472916666667
4.77586145628069,188.302083333333
4.78448214482993,188.158333333333
4.79310283337917,188.00625
4.80172352192842,187.95625
4.81034421047766,187.954166666667
4.8189648990269,187.935416666667
4.82758558757615,187.920833333333
4.83620627612539,188.027083333333
4.84482696467463,187.975
4.85344765322388,188.102083333333
4.86206834177312,188.170833333333
4.87068903032236,188.297916666667
4.8793097188716,188.414583333333
4.88793040742085,188.585416666667
4.89655109597009,188.772916666667
4.90517178451933,188.952083333333
4.91379247306858,189.21875
4.92241316161782,189.46875
4.93103385016706,189.75
4.93965453871631,190.079166666667
4.94827522726555,190.397916666667
4.95689591581479,190.777083333333
4.96551660436404,191.10625
4.97413729291328,191.439583333333
4.98275798146252,191.65
4.99137867001177,191.889583333333
4.99999935856101,192.045833333333
5.00862004711025,192.208333333333
5.01724073565949,192.2875
5.02586142420874,192.295833333333
5.03448211275798,192.1875
5.04310280130722,192.189583333333
5.05172348985647,192.10625
5.06034417840571,191.9625
5.06896486695495,191.952083333333
5.0775855555042,191.835416666667
5.08620624405344,191.752083333333
5.09482693260268,191.745833333333
5.10344762115193,191.633333333333
5.11206830970117,191.55
5.12068899825041,191.404166666667
5.12930968679965,191.214583333333
5.1379303753489,191.00625
5.14655106389814,190.7375
5.15517175244738,190.402083333333
5.16379244099663,190.05625
5.17241312954587,189.683333333333
5.18103381809511,189.283333333333
5.18965450664436,188.841666666667
5.1982751951936,188.545833333333
5.20689588374284,188.077083333333
5.21551657229209,187.770833333333
5.22413726084133,187.477083333333
5.23275794939057,187.154166666667
5.24137863793982,186.841666666667
5.24999932648906,186.633333333333
5.2586200150383,186.35625
5.26724070358754,186.183333333333
5.27586139213679,185.90625
5.28448208068603,185.772916666667
5.29310276923527,185.545833333333
5.30172345778452,185.364583333333
5.31034414633376,185.241666666667
5.318964834883,185.210416666667
5.32758552343225,185.085416666667
5.33620621198149,185.104166666667
5.34482690053073,185.152083333333
5.35344758907998,185.275
5.36206827762922,185.370833333333
5.37068896617846,185.591666666667
5.37930965472771,185.914583333333
5.38793034327695,186.2
5.39655103182619,186.4625
5.40517172037544,186.808333333333
5.41379240892468,187.060416666667
5.42241309747392,187.26875
5.43103378602316,187.391666666667
5.43965447457241,187.420833333333
5.44827516312165,187.564583333333
5.45689585167089,187.491666666667
5.46551654022014,187.408333333333
5.47413722876938,187.2875
5.48275791731862,187.15625
5.49137860586787,187.177083333333
5.49999929441711,187.233333333333
5.50861998296635,187.314583333333
5.5172406715156,187.479166666667
5.52586136006484,187.633333333333
5.53448204861408,187.970833333333
5.54310273716332,188.172916666667
5.55172342571257,188.59375
5.56034411426181,188.804166666667
5.56896480281105,188.99375
5.5775854913603,189.185416666667
5.58620617990954,189.295833333333
5.59482686845878,189.31875
5.60344755700803,189.108333333333
5.61206824555727,188.989583333333
5.62068893410651,188.777083333333
5.62930962265576,188.55625
5.637930311205,188.2125
5.64655099975424,187.979166666667
5.65517168830349,187.75625
5.66379237685273,187.4875
5.67241306540197,187.214583333333
5.68103375395121,187.004166666667
5.68965444250046,186.877083333333
5.6982751310497,186.785416666667
5.70689581959894,186.654166666667
5.71551650814819,186.652083333333
5.72413719669743,186.575
5.73275788524667,186.485416666667
5.74137857379592,186.441666666667
5.74999926234516,186.272916666667
5.7586199508944,186.133333333333
5.76724063944365,186.0375
5.77586132799289,185.879166666667
5.78448201654213,185.504166666667
5.79310270509137,185.2125
5.80172339364062,184.945833333333
5.81034408218986,184.64375
5.8189647707391,184.289583333333
5.82758545928835,183.954166666667
5.83620614783759,183.677083333333
5.84482683638683,183.3625
5.85344752493608,183.104166666667
5.86206821348532,182.9
5.87068890203456,182.69375
5.87930959058381,182.5
5.88793027913305,182.335416666667
5.89655096768229,182.210416666667
5.90517165623154,182.014583333333
5.91379234478078,181.808333333333
5.92241303333002,181.670833333333
5.93103372187927,181.427083333333
5.93965441042851,181.354166666667
5.94827509897775,181.204166666667
5.95689578752699,181.154166666667
5.96551647607624,181.054166666667
5.97413716462548,180.95
5.98275785317472,180.94375
5.99137854172397,180.875
5.99999923027321,180.766666666667
6.00861991882245,180.758333333333
6.0172406073717,180.672916666667
6.02586129592094,180.525
6.03448198447018,180.383333333333
6.04310267301943,180.297916666667
6.05172336156867,180.179166666667
6.06034405011791,180.158333333333
6.06896473866715,180.285416666667
6.0775854272164,180.43125
6.08620611576564,180.785416666667
6.09482680431488,181.1625
6.10344749286413,181.66875
6.11206818141337,182.214583333333
6.12068886996261,182.839583333333
6.12930955851186,183.435416666667
6.1379302470611,184.154166666667
6.14655093561034,184.547916666667
6.15517162415959,184.954166666667
6.16379231270883,185.116666666667
6.17241300125807,185.195833333333
6.18103368980732,185.139583333333
6.18965437835656,185.0375
6.1982750669058,184.80625
6.20689575545504,184.520833333333
6.21551644400429,184.225
6.22413713255353,183.995833333333
6.23275782110277,183.810416666667
6.24137850965202,183.883333333333
6.24999919820126,183.808333333333
6.2586198867505,183.8125
6.26724057529975,184.1125
6.27586126384899,184.220833333333
6.28448195239823,184.35625
6.29310264094748,184.58125
6.30172332949672,184.735416666667
6.31034401804596,184.8125
6.3189647065952,184.779166666667
6.32758539514445,184.727083333333
6.33620608369369,184.5
6.34482677224293,184.345833333333
6.35344746079218,184.114583333333
6.36206814934142,183.985416666667
6.37068883789066,183.841666666667
6.37930952643991,183.73125
6.38793021498915,183.816666666667
6.39655090353839,183.979166666667
6.40517159208764,184.19375
6.41379228063688,184.46875
6.42241296918612,184.833333333333
6.43103365773537,185.083333333333
6.43965434628461,185.414583333333
6.44827503483385,185.729166666667
6.4568957233831,185.85
6.46551641193234,185.835416666667
6.47413710048158,185.822916666667
6.48275778903082,185.73125
6.49137847758007,185.595833333333
6.49999916612931,185.4125
6.50861985467855,185.352083333333
6.5172405432278,185.408333333333
6.52586123177704,185.347916666667
6.53448192032628,185.372916666667
6.54310260887553,185.658333333333
6.55172329742477,185.891666666667
6.56034398597401,186.108333333333
6.56896467452326,186.422916666667
6.5775853630725,186.666666666667
6.58620605162174,186.920833333333
6.59482674017099,187.139583333333
6.60344742872023,187.26875
6.61206811726947,187.327083333333
6.62068880581871,187.422916666667
6.62930949436796,187.497916666667
6.6379301829172,187.5
6.64655087146644,187.577083333333
6.65517156001569,187.60625
6.66379224856493,187.65
6.67241293711417,187.73125
6.68103362566342,187.70625
6.68965431421266,187.714583333333
6.6982750027619,187.675
6.70689569131115,187.627083333333
6.71551637986039,187.45625
6.72413706840963,187.325
6.73275775695887,187.095833333333
6.74137844550812,186.858333333333
6.74999913405736,186.714583333333
6.7586198226066,186.395833333333
6.76724051115585,186.166666666667
6.77586119970509,185.916666666667
6.78448188825433,185.7
6.79310257680358,185.435416666667
6.80172326535282,185.195833333333
6.81034395390206,185.033333333333
6.81896464245131,184.9
6.82758533100055,184.752083333333
6.83620601954979,184.654166666667
6.84482670809904,184.44375
6.85344739664828,184.308333333333
6.86206808519752,184.179166666667
6.87068877374676,184.058333333333
6.87930946229601,183.9375
6.88793015084525,183.820833333333
6.89655083939449,183.714583333333
6.90517152794374,183.63125
6.91379221649298,183.545833333333
6.92241290504222,183.547916666667
6.93103359359147,183.63125
6.93965428214071,183.716666666667
6.94827497068995,183.85625
6.9568956592392,184.079166666667
6.96551634778844,184.43125
6.97413703633768,184.616666666667
6.98275772488693,185.145833333333
6.99137841343617,185.41875
6.99999910198541,185.8125
7.00861979053465,186.135416666667
7.0172404790839,186.35
7.02586116763314,186.5375
7.03448185618238,186.7125
7.04310254473163,186.779166666667
7.05172323328087,186.733333333333
7.06034392183011,186.602083333333
7.06896461037936,186.316666666667
7.0775852989286,186.125
7.08620598747784,185.88125
7.09482667602709,185.620833333333
7.10344736457633,185.352083333333
7.11206805312557,185.15625
7.12068874167482,184.995833333333
7.12930943022406,185.004166666667
7.1379301187733,184.985416666667
7.14655080732254,185.10625
7.15517149587179,185.31875
7.16379218442103,185.570833333333
7.17241287297027,185.945833333333
7.18103356151952,186.291666666667
7.18965425006876,186.6125
7.198274938618,187.041666666667
7.20689562716725,187.285416666667
7.21551631571649,187.566666666667
7.22413700426573,187.770833333333
7.23275769281498,187.925
7.24137838136422,188.102083333333
7.24999906991346,188.154166666667
7.2586197584627,188.172916666667
7.26724044701195,188.164583333333
7.27586113556119,188.129166666667
7.28448182411043,188.04375
7.29310251265968,188.052083333333
7.30172320120892,187.991666666667
7.31034388975816,187.920833333333
7.31896457830741,187.879166666667
7.32758526685665,187.845833333333
7.33620595540589,187.610416666667
7.34482664395514,187.522916666667
7.35344733250438,187.5125
7.36206802105362,187.445833333333
7.37068870960287,187.3875
7.37930939815211,187.485416666667
7.38793008670135,187.658333333333
7.39655077525059,187.83125
7.40517146379984,188.114583333333
7.41379215234908,188.433333333333
7.42241284089832,188.772916666667
7.43103352944757,189.208333333333
7.43965421799681,189.589583333333
7.44827490654605,189.945833333333
7.4568955950953,190.195833333333
7.46551628364454,190.4125
7.47413697219378,190.585416666667
7.48275766074303,190.625
7.49137834929227,190.635416666667
7.49999903784151,190.60625
7.50861972639076,190.560416666667
7.51724041494,190.560416666667
7.52586110348924,190.460416666667
7.53448179203849,190.4125
7.54310248058773,190.3875
7.55172316913697,190.56875
7.56034385768621,190.658333333333
7.56896454623546,190.639583333333
7.5775852347847,190.779166666667
7.58620592333394,190.85
7.59482661188319,190.910416666667
7.60344730043243,190.883333333333
7.61206798898167,190.78125
7.62068867753092,190.558333333333
7.62930936608016,190.289583333333
7.6379300546294,190.0375
7.64655074317865,189.747916666667
7.65517143172789,189.347916666667
7.66379212027713,188.954166666667
7.67241280882637,188.614583333333
7.68103349737562,188.41875
7.68965418592486,188.191666666667
7.6982748744741,188.041666666667
7.70689556302335,188.03125
7.71551625157259,187.991666666667
7.72413694012183,187.995833333333
7.73275762867108,188.033333333333
7.74137831722032,188.0625
7.74999900576956,188.089583333333
7.75861969431881,187.914583333333
7.76724038286805,187.779166666667
7.77586107141729,187.54375
7.78448175996654,187.291666666667
7.79310244851578,186.920833333333
7.80172313706502,186.416666666667
7.81034382561426,185.952083333333
7.81896451416351,185.460416666667
7.82758520271275,184.991666666667
7.83620589126199,184.522916666667
7.84482657981124,184.095833333333
7.85344726836048,183.747916666667
7.86206795690972,183.470833333333
7.87068864545897,183.2
7.87930933400821,182.985416666667
7.88793002255745,182.9375
7.8965507111067,182.90625
7.90517139965594,182.816666666667
7.91379208820518,182.841666666667
7.92241277675442,183.064583333333
7.93103346530367,183.202083333333
7.93965415385291,183.370833333333
7.94827484240215,183.641666666667
7.9568955309514,183.854166666667
7.96551621950064,184.172916666667
7.97413690804988,184.4375
7.98275759659913,184.64375
7.99137828514837,184.7625
7.99999897369761,184.8375
8.00861966224686,184.76875
8.0172403507961,184.575
8.02586103934534,184.235416666667
8.03448172789459,183.858333333333
8.04310241644383,183.354166666667
8.05172310499307,182.7875
8.06034379354231,182.15625
8.06896448209156,181.56875
8.0775851706408,180.9625
8.08620585919005,180.53125
8.09482654773929,180.060416666667
8.10344723628853,179.75625
8.11206792483777,179.541666666667
8.12068861338702,179.479166666667
8.12930930193626,179.560416666667
8.1379299904855,179.725
8.14655067903475,179.939583333333
8.15517136758399,180.38125
8.16379205613323,180.764583333333
8.17241274468248,181.335416666667
8.18103343323172,181.804166666667
8.18965412178096,182.320833333333
8.1982748103302,182.879166666667
8.20689549887945,183.35625
8.21551618742869,183.754166666667
8.22413687597793,184.045833333333
8.23275756452718,184.335416666667
8.24137825307642,184.441666666667
8.24999894162566,184.539583333333
8.25861963017491,184.572916666667
8.26724031872415,184.458333333333
8.27586100727339,184.31875
8.28448169582264,184.120833333333
8.29310238437188,183.875
8.30172307292112,183.60625
8.31034376147037,183.410416666667
8.31896445001961,183.239583333333
8.32758513856885,183.0375
8.33620582711809,182.935416666667
8.34482651566734,182.83125
8.35344720421658,182.73125
8.36206789276582,182.608333333333
8.37068858131507,182.702083333333
8.37930926986431,182.5625
8.38792995841355,182.585416666667
8.3965506469628,182.602083333333
8.40517133551204,182.560416666667
8.41379202406128,182.452083333333
8.42241271261053,182.539583333333
8.43103340115977,182.466666666667
8.43965408970901,182.433333333333
8.44827477825826,182.345833333333
8.4568954668075,182.258333333333
8.46551615535674,182.177083333333
8.47413684390598,182.089583333333
8.48275753245523,182.089583333333
8.49137822100447,182.072916666667
8.49999890955371,182.1375
8.50861959810296,182.0875
8.5172402866522,182.225
8.52586097520144,182.347916666667
8.53448166375069,182.49375
8.54310235229993,182.658333333333
8.55172304084917,182.89375
8.56034372939842,182.897916666667
8.56896441794766,183.147916666667
8.5775851064969,183.254166666667
8.58620579504615,183.30625
8.59482648359539,183.375
8.60344717214463,183.44375
8.61206786069388,183.470833333333
8.62068854924312,183.664583333333
8.62930923779236,183.785416666667
8.6379299263416,184.054166666667
8.64655061489085,184.354166666667
8.65517130344009,184.71875
8.66379199198933,185.116666666667
8.67241268053858,185.50625
8.68103336908782,185.908333333333
8.68965405763706,186.3875
8.69827474618631,186.695833333333
8.70689543473555,186.95
8.71551612328479,187.160416666667
8.72413681183403,187.345833333333
8.73275750038328,187.404166666667
8.74137818893252,187.402083333333
8.74999887748176,187.410416666667
8.75861956603101,187.383333333333
8.76724025458025,187.370833333333
8.77586094312949,187.345833333333
8.78448163167874,187.333333333333
8.79310232022798,187.341666666667
8.80172300877722,187.314583333333
8.81034369732647,187.241666666667
8.81896438587571,187.195833333333
8.82758507442495,187.15625
8.8362057629742,187.03125
8.84482645152344,186.95625
8.85344714007268,186.925
8.86206782862192,186.81875
8.87068851717117,186.685416666667
8.87930920572041,186.633333333333
8.88792989426965,186.575
8.8965505828189,186.58125
8.90517127136814,186.595833333333
8.91379195991738,186.60625
8.92241264846663,186.720833333333
8.93103333701587,186.885416666667
8.93965402556511,187.116666666667
8.94827471411436,187.322916666667
8.9568954026636,187.579166666667
8.96551609121284,187.8875
8.97413677976209,188.14375
8.98275746831133,188.291666666667
8.99137815686057,188.4625
8.99999884540981,188.558333333333
9.00861953395906,188.479166666667
9.0172402225083,188.34375
9.02586091105754,188.183333333333
9.03448159960679,187.822916666667
9.04310228815603,187.6375
9.05172297670527,187.289583333333
9.06034366525452,187.145833333333
9.06896435380376,186.933333333333
9.077585042353,186.839583333333
9.08620573090225,186.8875
9.09482641945149,187.060416666667
9.10344710800073,187.35625
9.11206779654998,187.708333333333
9.12068848509922,188.310416666667
9.12930917364846,188.85
9.13792986219771,189.414583333333
9.14655055074695,189.927083333333
9.15517123929619,190.560416666667
9.16379192784543,190.995833333333
9.17241261639468,191.395833333333
9.18103330494392,191.68125
9.18965399349316,192.0125
9.19827468204241,192.166666666667
9.20689537059165,192.2625
9.21551605914089,192.36875
9.22413674769014,192.44375
9.23275743623938,192.504166666667
9.24137812478862,192.56875
9.24999881333786,192.658333333333
9.25861950188711,192.839583333333
9.26724019043635,192.933333333333
9.2758608789856,193.10625
9.28448156753484,193.283333333333
9.29310225608408,193.50625
9.30172294463332,193.595833333333
9.31034363318257,193.695833333333
9.31896432173181,193.783333333333
9.32758501028105,193.864583333333
9.3362056988303,193.827083333333
9.34482638737954,193.81875
9.35344707592878,193.802083333333
9.36206776447803,193.727083333333
9.37068845302727,193.627083333333
9.37930914157651,193.54375
9.38792983012575,193.48125
9.396550518675,193.30625
9.40517120722424,193.23125
9.41379189577348,193.060416666667
9.42241258432273,192.904166666667
9.43103327287197,192.595833333333
9.43965396142121,192.364583333333
9.44827464997046,192.020833333333
9.4568953385197,191.6
9.46551602706894,191.14375
9.47413671561819,190.633333333333
9.48275740416743,190.33125
9.49137809271667,190.0125
9.49999878126592,189.720833333333
9.50861946981516,189.6375
9.5172401583644,189.75625
9.52586084691364,189.808333333333
9.53448153546289,190.077083333333
9.54310222401213,190.375
9.55172291256137,190.754166666667
9.56034360111062,191.13125
9.56896428965986,191.583333333333
9.5775849782091,191.904166666667
9.58620566675835,192.220833333333
9.59482635530759,192.560416666667
9.60344704385683,192.85
9.61206773240608,193.0625
9.62068842095532,193.3
9.62930910950456,193.375
9.63792979805381,193.520833333333
9.64655048660305,193.660416666667
9.65517117515229,193.75625
9.66379186370154,193.766666666667
9.67241255225078,193.870833333333
9.68103324080002,194.04375
9.68965392934926,194.14375
9.69827461789851,194.23125
9.70689530644775,194.39375
9.71551599499699,194.633333333333
9.72413668354624,194.7875
9.73275737209548,195.09375
9.74137806064472,195.34375
9.74999874919397,195.789583333333
9.75861943774321,196.116666666667
9.76724012629245,196.429166666667
9.7758608148417,196.829166666667
9.78448150339094,197.189583333333
9.79310219194018,197.427083333333
9.80172288048943,197.791666666667
9.81034356903867,197.820833333333
9.81896425758791,198.0375
9.82758494613715,197.9875
9.8362056346864,198.047916666667
9.84482632323564,198.083333333333
9.85344701178488,198.175
9.86206770033413,198.2125
9.87068838888337,198.247916666667
9.87930907743261,198.25625
9.88792976598186,198.2875
9.8965504545311,198.30625
9.90517114308034,198.33125
9.91379183162958,198.258333333333
9.92241252017883,198.114583333333
9.93103320872807,198.060416666667
9.93965389727732,197.741666666667
9.94827458582656,197.5375
9.9568952743758,197.341666666667
9.96551596292504,197.189583333333
9.97413665147429,197.03125
9.98275734002353,196.954166666667
9.99137802857277,196.916666666667
9.99999871712202,197.0625
10.0086194056713,197.29375
10.0172400942205,197.595833333333
10.0258607827697,197.81875
10.034481471319,198.197916666667
10.0431021598682,198.504166666667
10.0517228484175,198.795833333333
10.0603435369667,199.027083333333
10.068964225516,199.183333333333
10.0775849140652,199.2
10.0862056026144,199.15625
10.0948262911637,199.035416666667
10.1034469797129,198.8375
10.1120676682622,198.633333333333
10.1206883568114,198.325
10.1293090453607,198.027083333333
10.1379297339099,197.666666666667
10.1465504224591,197.383333333333
10.1551711110084,197.014583333333
10.1637917995576,196.635416666667
10.1724124881069,196.210416666667
10.1810331766561,195.6875
10.1896538652054,195.125
10.1982745537546,194.570833333333
10.2068952423039,193.977083333333
10.2155159308531,193.389583333333
10.2241366194023,192.847916666667
10.2327573079516,192.314583333333
10.2413779965008,191.875
10.2499986850501,191.58125
10.2586193735993,191.379166666667
10.2672400621486,191.272916666667
10.2758607506978,191.366666666667
10.284481439247,191.58125
10.2931021277963,191.825
10.3017228163455,192.133333333333
10.3103435048948,192.495833333333
10.318964193444,192.89375
10.3275848819933,193.247916666667
10.3362055705425,193.583333333333
10.3448262590917,193.933333333333
10.353446947641,194.158333333333
10.3620676361902,194.43125
10.3706883247395,194.595833333333
10.3793090132887,194.741666666667
10.387929701838,194.860416666667
10.3965503903872,195.027083333333
10.4051710789364,195.158333333333
10.4137917674857,195.31875
10.4224124560349,195.53125
10.4310331445842,195.925
10.4396538331334,196.297916666667
10.4482745216827,196.8
10.4568952102319,197.3875
10.4655158987811,198.035416666667
10.4741365873304,198.70625
10.4827572758796,199.3875
10.4913779644289,200.010416666667
10.4999986529781,200.658333333333
10.5086193415274,201.25625
10.5172400300766,201.789583333333
10.5258607186258,202.175
10.5344814071751,202.414583333333
10.5431020957243,202.608333333333
10.5517227842736,202.720833333333
10.5603434728228,202.672916666667
10.5689641613721,202.5875
10.5775848499213,202.429166666667
10.5862055384705,202.2
10.5948262270198,202.0375
10.603446915569,201.6625
10.6120676041183,201.49375
10.6206882926675,201.395833333333
10.6293089812168,201.29375
10.637929669766,201.333333333333
10.6465503583153,201.335416666667
10.6551710468645,201.420833333333
10.6637917354137,201.558333333333
10.672412423963,201.764583333333
10.6810331125122,201.8625
10.6896538010615,201.877083333333
10.6982744896107,202.045833333333
10.70689517816,202.014583333333
10.7155158667092,202.01875
10.7241365552584,201.825
10.7327572438077,201.63125
10.7413779323569,201.341666666667
10.7499986209062,201.0125
10.7586193094554,200.472916666667
10.7672399980047,200.0125
10.7758606865539,199.4875
10.7844813751031,198.88125
10.7931020636524,198.25
10.8017227522016,197.74375
10.8103434407509,197.183333333333
10.8189641293001,196.610416666667
10.8275848178494,196.014583333333
10.8362055063986,195.583333333333
10.8448261949478,195.06875
10.8534468834971,194.714583333333
10.8620675720463,194.316666666667
10.8706882605956,193.90625
10.8793089491448,193.65
10.8879296376941,193.425
10.8965503262433,193.154166666667
10.9051710147925,193.041666666667
10.9137917033418,192.889583333333
10.922412391891,192.745833333333
10.9310330804403,192.55625
10.9396537689895,192.5375
10.9482744575388,192.477083333333
10.956895146088,192.2375
10.9655158346372,192.25
10.9741365231865,192.210416666667
10.9827572117357,192.1
10.991377900285,192.0125
10.9999985888342,191.947916666667
11.0086192773835,191.954166666667
11.0172399659327,191.960416666667
11.0258606544819,192.041666666667
11.0344813430312,192.2375
11.0431020315804,192.370833333333
11.0517227201297,192.658333333333
11.0603434086789,192.9
11.0689640972282,193.16875
11.0775847857774,193.635416666667
11.0862054743266,193.958333333333
11.0948261628759,194.279166666667
11.1034468514251,194.720833333333
11.1120675399744,194.845833333333
11.1206882285236,194.945833333333
11.1293089170729,195.0125
11.1379296056221,194.822916666667
11.1465502941714,194.56875
11.1551709827206,194.383333333333
