"Date: 11/19/2019 10:57:23 AM"
0
#TRUE#,#FALSE#,#FALSE#
#TRUE#
63,63.2,63.0000116874387
"E:\Scan 1\PSTR6_Coral_1_3_7.bmp"
""
98,457,1664,445,1662,211,96,223
1567
0,177.097872340426
1.58730129283355E-02,177.434042553191
.031746025856671,177.872340425532
4.76190387850064E-02,178.187234042553
6.34920517133419E-02,178.451063829787
7.93650646416774E-02,178.557446808511
9.52380775700129E-02,178.527659574468
.111111090498348,178.485106382979
.126984103426684,178.4
.142857116355019,178.387234042553
.158730129283355,178.042553191489
.17460314221169,177.6
.190476155140026,177.263829787234
.206349168068361,176.574468085106
.222222180996697,175.982978723404
.238095193925032,175.408510638298
.253968206853368,174.859574468085
.269841219781703,174.306382978723
.285714232710039,173.829787234043
.301587245638374,173.234042553192
.31746025856671,172.56170212766
.333333271495045,171.957446808511
.34920628442338,171.510638297872
.365079297351716,171.131914893617
.380952310280051,170.851063829787
.396825323208387,170.808510638298
.412698336136722,170.957446808511
.428571349065058,171.021276595745
.444444361993393,171.063829787234
.460317374921729,171.229787234043
.476190387850064,171.102127659574
.4920634007784,171.310638297872
.507936413706735,171.263829787234
.523809426635071,171.306382978723
.539682439563406,171.28085106383
.555555452491742,171.114893617021
.571428465420077,170.787234042553
.587301478348413,170.221276595745
.603174491276748,169.595744680851
.619047504205084,168.872340425532
.634920517133419,168.242553191489
.650793530061755,167.43829787234
.66666654299009,166.663829787234
.682539555918425,166.021276595745
.698412568846761,165.395744680851
.714285581775096,164.965957446809
.730158594703432,164.774468085106
.746031607631767,164.621276595745
.761904620560103,164.655319148936
.777777633488438,164.523404255319
.793650646416774,164.404255319149
.809523659345109,164.089361702128
.825396672273445,163.651063829787
.84126968520178,163.331914893617
.857142698130116,163.046808510638
.873015711058451,163.144680851064
.888888723986787,163.306382978723
.904761736915122,163.76170212766
.920634749843458,164.170212765957
.936507762771793,164.425531914894
.952380775700129,164.506382978723
.968253788628464,164.348936170213
.9841268015568,163.914893617021
.999999814485135,163.31914893617
1.01587282741347,162.744680851064
1.03174584034181,162.140425531915
1.04761885327014,161.6
1.06349186619848,160.91914893617
1.07936487912681,160.357446808511
1.09523789205515,160.042553191489
1.11111090498348,159.672340425532
1.12698391791182,159.404255319149
1.14285693084015,159.293617021277
1.15872994376849,159.246808510638
1.17460295669683,159.306382978723
1.19047596962516,159.378723404255
1.2063489825535,159.378723404255
1.22222199548183,159.434042553191
1.23809500841017,159.56170212766
1.2539680213385,159.697872340426
1.26984103426684,160.034042553191
1.28571404719517,160.327659574468
1.30158706012351,160.727659574468
1.31746007305184,161.314893617021
1.33333308598018,161.974468085106
1.34920609890852,162.544680851064
1.36507911183685,163.034042553191
1.38095212476519,163.523404255319
1.39682513769352,163.868085106383
1.41269815062186,164.085106382979
1.42857116355019,164.174468085106
1.44444417647853,164.195744680851
1.46031718940686,164.08085106383
1.4761902023352,163.736170212766
1.49206321526353,163.344680851064
1.50793622819187,162.812765957447
1.52380924112021,162.365957446809
1.53968225404854,161.846808510638
1.55555526697688,161.570212765957
1.57142827990521,161.51914893617
1.58730129283355,161.587234042553
1.60317430576188,161.812765957447
1.61904731869022,161.982978723404
1.63492033161855,162.306382978723
1.65079334454689,162.56170212766
1.66666635747522,162.897872340426
1.68253937040356,163.331914893617
1.6984123833319,163.787234042553
1.71428539626023,164.523404255319
1.73015840918857,165.234042553192
1.7460314221169,165.859574468085
1.76190443504524,166.382978723404
1.77777744797357,166.736170212766
1.79365046090191,166.936170212766
1.80952347383024,166.825531914894
1.82539648675858,166.659574468085
1.84126949968692,166.595744680851
1.85714251261525,166.51914893617
1.87301552554359,166.651063829787
1.88888853847192,166.808510638298
1.90476155140026,167.102127659574
1.92063456432859,167.123404255319
1.93650757725693,167.072340425532
1.95238059018526,166.893617021277
1.9682536031136,166.468085106383
1.98412661604193,165.944680851064
1.99999962897027,165.387234042553
2.01587264189861,164.957446808511
2.03174565482694,164.604255319149
2.04761866775528,164.357446808511
2.06349168068361,164.370212765957
2.07936469361195,164.6
2.09523770654028,165.012765957447
2.11111071946862,165.51914893617
2.12698373239695,166.08085106383
2.14285674532529,166.646808510638
2.15872975825362,166.978723404255
2.17460277118196,167.174468085106
2.1904757841103,167.127659574468
2.20634879703863,167.110638297872
2.22222180996697,167.259574468085
2.2380948228953,167.527659574468
2.25396783582364,168.187234042553
2.26984084875197,168.846808510638
2.28571386168031,169.791489361702
2.30158687460864,170.446808510638
2.31745988753698,170.846808510638
2.33333290046531,170.914893617021
2.34920591339365,170.744680851064
2.36507892632199,170.229787234043
2.38095193925032,169.629787234043
2.39682495217866,169.187234042553
2.41269796510699,168.825531914894
2.42857097803533,168.527659574468
2.44444399096366,168.306382978723
2.460317003892,167.944680851064
2.47619001682033,167.582978723404
2.49206302974867,167.251063829787
2.50793604267701,166.859574468085
2.52380905560534,166.621276595745
2.53968206853368,166.476595744681
2.55555508146201,166.655319148936
2.57142809439035,166.991489361702
2.58730110731868,167.446808510638
2.60317412024702,167.885106382979
2.61904713317535,168.2
2.63492014610369,168.76170212766
2.65079315903202,169.153191489362
2.66666617196036,169.685106382979
2.6825391848887,170.08085106383
2.69841219781703,170.344680851064
2.71428521074537,170.540425531915
2.7301582236737,170.570212765957
2.74603123660204,170.246808510638
2.76190424953037,169.740425531915
2.77777726245871,169
2.79365027538704,168.434042553191
2.80952328831538,167.697872340426
2.82539630124371,167.034042553191
2.84126931417205,166.685106382979
2.85714232710039,166.510638297872
2.87301534002872,166.4
2.88888835295706,166.293617021277
2.90476136588539,166.323404255319
2.92063437881373,166.136170212766
2.93650739174206,166.093617021277
2.9523804046704,165.859574468085
2.96825341759873,165.693617021277
2.98412643052707,165.663829787234
2.9999994434554,165.765957446809
3.01587245638374,165.991489361702
3.03174546931208,166.127659574468
3.04761848224041,166.412765957447
3.06349149516875,166.391489361702
3.07936450809708,166.285106382979
3.09523752102542,166.114893617021
3.11111053395375,165.625531914894
3.12698354688209,165.353191489362
3.14285655981042,165.255319148936
3.15872957273876,165.225531914894
3.1746025856671,165.255319148936
3.19047559859543,165.417021276596
3.20634861152377,165.710638297872
3.2222216244521,165.987234042553
3.23809463738044,166.131914893617
3.25396765030877,166.297872340426
3.26984066323711,166.259574468085
3.28571367616544,166.136170212766
3.30158668909378,166.072340425532
3.31745970202211,165.944680851064
3.33333271495045,165.808510638298
3.34920572787879,165.842553191489
3.36507874080712,165.817021276596
3.38095175373546,165.88085106383
3.39682476666379,165.936170212766
3.41269777959213,166.382978723404
3.42857079252046,166.902127659574
3.4444438054488,167.459574468085
3.46031681837713,168.11914893617
3.47618983130547,168.604255319149
3.4920628442338,168.906382978723
3.50793585716214,168.893617021277
3.52380887009048,168.953191489362
3.53968188301881,168.914893617021
3.55555489594715,169.182978723404
3.57142790887548,169.570212765957
3.58730092180382,170.251063829787
3.60317393473215,170.906382978723
3.61904694766049,171.56170212766
3.63491996058882,171.863829787234
3.65079297351716,171.902127659574
3.66666598644549,171.744680851064
3.68253899937383,171.412765957447
3.69841201230217,171.204255319149
3.7142850252305,171.093617021277
3.73015803815884,171.157446808511
3.74603105108717,171.323404255319
3.76190406401551,171.56170212766
3.77777707694384,171.808510638298
3.79365008987218,171.957446808511
3.80952310280051,172.191489361702
3.82539611572885,172.28085106383
3.84126912865719,172.348936170213
3.85714214158552,172.259574468085
3.87301515451386,172.076595744681
3.88888816744219,171.591489361702
3.90476118037053,171.229787234043
3.92063419329886,170.689361702128
3.9365072062272,170.497872340426
3.95238021915553,170.293617021277
3.96825323208387,170.212765957447
3.9841262450122,170.28085106383
3.99999925794054,170.331914893617
4.01587227086888,170.285106382979
4.03174528379721,169.987234042553
4.04761829672555,169.748936170213
4.06349130965388,169.43829787234
4.07936432258222,169.187234042553
4.09523733551055,168.889361702128
4.11111034843889,168.753191489362
4.12698336136722,168.808510638298
4.14285637429556,169.021276595745
4.15872938722389,169.11914893617
4.17460240015223,169.251063829787
4.19047541308057,169.455319148936
4.2063484260089,169.56170212766
4.22222143893724,169.527659574468
4.23809445186557,169.323404255319
4.25396746479391,169.170212765957
4.26984047772224,168.842553191489
4.28571349065058,168.646808510638
4.30158650357891,168.374468085106
4.31745951650725,168.43829787234
4.33333252943558,168.387234042553
4.34920554236392,168.36170212766
4.36507855529226,168.463829787234
4.38095156822059,168.51914893617
4.39682458114893,168.425531914894
4.41269759407726,168.234042553192
4.4285706070056,167.970212765957
4.44444361993393,167.778723404255
4.46031663286227,167.591489361702
4.4761896457906,167.514893617021
4.49206265871894,167.540425531915
4.50793567164728,167.570212765957
4.52380868457561,167.506382978723
4.53968169750395,167.659574468085
4.55555471043228,167.570212765957
4.57142772336062,167.587234042553
4.58730073628895,167.348936170213
4.60317374921729,167.191489361702
4.61904676214562,167.127659574468
4.63491977507396,167.16170212766
4.65079278800229,167.259574468085
4.66666580093063,167.323404255319
4.68253881385897,167.378723404255
4.6984118267873,167.370212765957
4.71428483971564,167.242553191489
4.73015785264397,167.012765957447
4.74603086557231,166.668085106383
4.76190387850064,166.455319148936
4.77777689142898,166.370212765957
4.79364990435731,166.4
4.80952291728565,166.591489361702
4.82539593021398,166.825531914894
4.84126894314232,167.102127659574
4.85714195607066,167.208510638298
4.87301496899899,167.017021276596
4.88888798192733,166.808510638298
4.90476099485566,166.56170212766
4.920634007784,166.170212765957
4.93650702071233,166
4.95238003364067,165.948936170213
4.968253046569,166.072340425532
4.98412605949734,166.212765957447
4.99999907242568,166.391489361702
5.01587208535401,166.510638297872
5.03174509828235,166.493617021277
5.04761811121068,166.404255319149
5.06349112413902,166.2
5.07936413706735,166.136170212766
5.09523714999569,165.974468085106
5.11111016292402,165.914893617021
5.12698317585236,165.906382978723
5.14285618878069,166.068085106383
5.15872920170903,166.293617021277
5.17460221463736,166.451063829787
5.1904752275657,166.489361702128
5.20634824049404,166.672340425532
5.22222125342237,166.672340425532
5.23809426635071,166.51914893617
5.25396727927904,166.357446808511
5.26984029220738,166.16170212766
5.28571330513571,166.072340425532
5.30158631806405,165.970212765957
5.31745933099238,166.217021276596
5.33333234392072,166.314893617021
5.34920535684906,166.493617021277
5.36507836977739,166.702127659574
5.38095138270573,166.893617021277
5.39682439563406,167.170212765957
5.4126974085624,167.442553191489
5.42857042149073,167.736170212766
5.44444343441907,168.097872340426
5.4603164473474,168.459574468085
5.47618946027574,168.825531914894
5.49206247320407,169.255319148936
5.50793548613241,169.514893617021
5.52380849906075,169.702127659574
5.53968151198908,169.723404255319
5.55555452491742,169.723404255319
5.57142753784575,169.557446808511
5.58730055077409,169.353191489362
5.60317356370242,169.297872340426
5.61904657663076,169.017021276596
5.63491958955909,168.787234042553
5.65079260248743,168.689361702128
5.66666561541576,168.855319148936
5.6825386283441,168.876595744681
5.69841164127244,169.289361702128
5.71428465420077,169.536170212766
5.73015766712911,169.936170212766
5.74603068005744,170.365957446809
5.76190369298578,170.634042553191
5.77777670591411,170.897872340426
5.79364971884245,171.225531914894
5.80952273177078,171.451063829787
5.82539574469912,171.787234042553
5.84126875762746,172.306382978723
5.85714177055579,172.655319148936
5.87301478348413,173.055319148936
5.88888779641246,173.340425531915
5.9047608093408,173.689361702128
5.92063382226913,174.059574468085
5.93650683519747,174.251063829787
5.9523798481258,174.506382978723
5.96825286105414,174.608510638298
5.98412587398247,174.702127659574
5.99999888691081,174.795744680851
6.01587189983915,174.872340425532
6.03174491276748,175.004255319149
6.04761792569582,175.034042553191
6.06349093862415,175.055319148936
6.07936395155249,175.221276595745
6.09523696448082,175.374468085106
6.11110997740916,175.625531914894
6.12698299033749,175.748936170213
6.14285600326583,175.927659574468
6.15872901619416,176.16170212766
6.1746020291225,176.314893617021
6.19047504205084,176.612765957447
6.20634805497917,176.702127659574
6.22222106790751,176.885106382979
6.23809408083584,176.970212765957
6.25396709376418,177.114893617021
6.26984010669251,177.263829787234
6.28571311962085,177.442553191489
6.30158613254918,177.625531914894
6.31745914547752,177.834042553191
6.33333215840586,177.940425531915
6.34920517133419,178.055319148936
6.36507818426253,177.96170212766
6.38095119719086,177.744680851064
6.3968242101192,177.472340425532
6.41269722304753,177.165957446809
6.42857023597587,176.944680851064
6.4444432489042,176.697872340426
6.46031626183254,176.685106382979
6.47618927476087,176.595744680851
6.49206228768921,176.642553191489
6.50793530061754,176.668085106383
6.52380831354588,176.727659574468
6.53968132647422,176.825531914894
6.55555433940255,176.76170212766
6.57142735233089,176.714893617021
6.58730036525922,176.468085106383
6.60317337818756,176.234042553192
6.61904639111589,175.885106382979
6.63491940404423,175.476595744681
6.65079241697256,175.229787234043
6.6666654299009,175.102127659574
6.68253844282924,175.017021276596
6.69841145575757,174.940425531915
6.71428446868591,174.8
6.73015748161424,174.672340425532
6.74603049454258,174.531914893617
6.76190350747091,174.557446808511
6.77777652039925,174.557446808511
6.79364953332758,174.485106382979
6.80952254625592,174.421276595745
6.82539555918425,174.472340425532
6.84126857211259,174.229787234043
6.85714158504093,173.859574468085
6.87301459796926,173.527659574468
6.8888876108976,173.259574468085
6.90476062382593,173.059574468085
6.92063363675427,173.004255319149
6.9365066496826,172.902127659574
6.95237966261094,172.791489361702
6.96825267553927,172.540425531915
6.98412568846761,172.191489361702
6.99999870139594,171.668085106383
7.01587171432428,171.076595744681
7.03174472725262,170.591489361702
7.04761774018095,170.336170212766
7.06349075310929,170.340425531915
7.07936376603762,170.378723404255
7.09523677896596,170.502127659574
7.11110979189429,170.731914893617
7.12698280482263,170.970212765957
7.14285581775096,171.204255319149
7.1587288306793,171.365957446809
7.17460184360764,171.578723404255
7.19047485653597,171.625531914894
7.20634786946431,171.659574468085
7.22222088239264,171.557446808511
7.23809389532098,171.302127659574
7.25396690824931,170.991489361702
7.26983992117765,170.646808510638
7.28571293410598,170.336170212766
7.30158594703432,170.012765957447
7.31745895996265,169.876595744681
7.33333197289099,169.808510638298
7.34920498581933,169.787234042553
7.36507799874766,169.612765957447
7.380951011676,169.293617021277
7.39682402460433,168.778723404255
7.41269703753267,168.442553191489
7.428570050461,168.212765957447
7.44444306338934,168.012765957447
7.46031607631767,167.995744680851
7.47618908924601,168.370212765957
7.49206210217434,168.697872340426
7.50793511510268,169.131914893617
7.52380812803102,169.331914893617
7.53968114095935,169.493617021277
7.55555415388769,169.672340425532
7.57142716681602,169.936170212766
7.58730017974436,169.982978723404
7.60317319267269,170.063829787234
7.61904620560103,169.978723404255
7.63491921852936,169.795744680851
7.6507922314577,169.502127659574
7.66666524438604,169.387234042553
7.68253825731437,169.310638297872
7.69841127024271,169.36170212766
7.71428428317104,169.574468085106
7.73015729609938,169.91914893617
7.74603030902771,169.970212765957
7.76190332195605,169.978723404255
7.77777633488438,169.948936170213
7.79364934781272,169.753191489362
7.80952236074105,169.527659574468
7.82539537366939,169.327659574468
7.84126838659772,169.170212765957
7.85714139952606,168.910638297872
7.8730144124544,168.51914893617
7.88888742538273,168.017021276596
7.90476043831107,167.587234042553
7.9206334512394,167.353191489362
7.93650646416774,167.340425531915
7.95237947709607,167.497872340426
7.96825249002441,167.897872340426
7.98412550295274,168.153191489362
7.99999851588108,168.608510638298
8.01587152880941,168.753191489362
8.03174454173775,168.923404255319
8.04761755466609,169
8.06349056759442,168.940425531915
8.07936358052276,168.778723404255
8.09523659345109,168.582978723404
8.11110960637943,168.378723404255
8.12698261930776,168.187234042553
8.1428556322361,168.055319148936
8.15872864516443,167.851063829787
8.17460165809277,167.625531914894
8.19047467102111,167.468085106383
8.20634768394944,167.255319148936
8.22222069687778,166.944680851064
8.23809370980611,166.68085106383
8.25396672273445,166.225531914894
8.26983973566278,165.740425531915
8.28571274859112,165.276595744681
8.30158576151945,164.872340425532
8.31745877444779,164.48085106383
8.33333178737612,164.012765957447
8.34920480030446,163.846808510638
8.3650778132328,163.685106382979
8.38095082616113,163.76170212766
8.39682383908947,163.689361702128
8.4126968520178,163.770212765957
8.42856986494614,164.017021276596
8.44444287787447,164.195744680851
8.46031589080281,164.246808510638
8.47618890373114,164.310638297872
8.49206191665948,164.446808510638
8.50793492958782,164.31914893617
8.52380794251615,164.16170212766
8.53968095544449,164.042553191489
8.55555396837282,163.914893617021
8.57142698130116,163.834042553191
8.58729999422949,163.689361702128
8.60317300715783,163.365957446809
8.61904602008616,163.170212765957
8.6349190330145,162.731914893617
8.65079204594283,162.289361702128
8.66666505887117,161.71914893617
8.68253807179951,161.055319148936
8.69841108472784,160.442553191489
8.71428409765618,160.025531914894
8.73015711058451,159.634042553191
8.74603012351285,159.408510638298
8.76190313644118,159.310638297872
8.77777614936952,159.429787234043
8.79364916229785,159.676595744681
8.80952217522619,159.931914893617
8.82539518815453,160.263829787234
8.84126820108286,160.744680851064
8.85714121401119,161.182978723404
8.87301422693953,161.468085106383
8.88888723986787,161.825531914894
8.9047602527962,161.876595744681
8.92063326572454,162.029787234043
8.93650627865287,162.08085106383
8.95237929158121,162.148936170213
8.96825230450954,162.11914893617
8.98412531743788,162
8.99999833036621,161.88085106383
9.01587134329455,161.531914893617
9.03174435622289,161.23829787234
9.04761736915122,160.855319148936
9.06349038207956,160.646808510638
9.07936339500789,160.68085106383
9.09523640793623,160.829787234043
9.11110942086456,161.170212765957
9.1269824337929,161.697872340426
9.14285544672123,162.353191489362
9.15872845964957,163.042553191489
9.1746014725779,163.787234042553
9.19047448550624,164.493617021277
9.20634749843458,165.276595744681
9.22222051136291,166.034042553191
9.23809352429125,166.842553191489
9.25396653721958,167.43829787234
9.26983955014792,167.995744680851
9.28571256307625,168.408510638298
9.30158557600459,168.944680851064
9.31745858893292,169.225531914894
9.33333160186126,169.114893617021
9.3492046147896,169.43829787234
9.36507762771793,169.68085106383
9.38095064064627,169.825531914894
9.3968236535746,169.83829787234
9.41269666650294,169.872340425532
9.42856967943127,169.834042553191
9.44444269235961,169.8
9.46031570528794,169.88085106383
9.47618871821628,170.08085106383
9.49206173114461,170.204255319149
9.50793474407295,170.374468085106
9.52380775700129,170.893617021277
9.53968076992962,171.310638297872
9.55555378285796,171.974468085106
9.57142679578629,172.591489361702
9.58729980871463,173.255319148936
9.60317282164296,173.765957446809
9.6190458345713,174.085106382979
9.63491884749963,174.289361702128
9.65079186042797,174.417021276596
9.66666487335631,174.421276595745
9.68253788628464,174.502127659574
9.69841089921298,174.548936170213
9.71428391214131,174.48085106383
9.73015692506965,174.446808510638
9.74602993799798,174.204255319149
9.76190295092632,173.978723404255
9.77777596385465,173.659574468085
9.79364897678299,173.702127659574
9.80952198971132,173.68085106383
9.82539500263966,173.76170212766
9.84126801556799,174.076595744681
9.85714102849633,174.553191489362
9.87301404142467,174.991489361702
9.888887054353,175.43829787234
9.90476006728134,175.868085106383
9.92063308020967,176.285106382979
9.93650609313801,176.531914893617
9.95237910606634,176.651063829787
9.96825211899468,176.753191489362
9.98412513192301,176.842553191489
9.99999814485135,176.868085106383
10.0158711577797,176.927659574468
10.031744170708,176.948936170213
10.0476171836364,176.88085106383
10.0634901965647,176.834042553191
10.079363209493,176.736170212766
10.0952362224214,176.382978723404
10.1111092353497,176.165957446809
10.126982248278,175.897872340426
10.1428552612064,176
10.1587282741347,176.144680851064
10.174601287063,176.327659574468
10.1904742999914,176.570212765957
10.2063473129197,176.821276595745
10.222220325848,177.004255319149
10.2380933387764,177.242553191489
10.2539663517047,177.523404255319
10.2698393646331,177.812765957447
10.2857123775614,178.310638297872
10.3015853904897,178.817021276596
10.3174584034181,179.374468085106
10.3333314163464,179.855319148936
10.3492044292747,180.242553191489
10.3650774422031,180.404255319149
10.3809504551314,180.221276595745
10.3968234680597,180.165957446809
10.4126964809881,179.944680851064
10.4285694939164,179.778723404255
10.4444425068447,179.693617021277
10.4603155197731,179.663829787234
10.4761885327014,179.697872340426
10.4920615456297,179.8
10.5079345585581,179.757446808511
10.5238075714864,179.787234042553
10.5396805844148,179.817021276596
10.5555535973431,179.987234042553
10.5714266102714,180.110638297872
10.5872996231998,180.204255319149
10.6031726361281,180.353191489362
10.6190456490564,180.442553191489
10.6349186619848,180.476595744681
10.6507916749131,180.387234042553
10.6666646878414,180.353191489362
10.6825377007698,180.28085106383
10.6984107136981,180.229787234043
10.7142837266264,180.285106382979
10.7301567395548,180.442553191489
10.7460297524831,180.548936170213
10.7619027654115,180.829787234043
10.7777757783398,180.974468085106
10.7936487912681,181.012765957447
10.8095218041965,180.8
10.8253948171248,180.451063829787
10.8412678300531,179.970212765957
10.8571408429815,179.365957446809
10.8730138559098,178.863829787234
10.8888868688381,178.595744680851
10.9047598817665,178.472340425532
10.9206328946948,178.455319148936
10.9365059076231,178.646808510638
10.9523789205515,178.936170212766
10.9682519334798,179.165957446809
10.9841249464081,179.476595744681
10.9999979593365,179.787234042553
11.0158709722648,180
11.0317439851932,180.157446808511
11.0476169981215,180.272340425532
11.0634900110498,180.370212765957
11.0793630239782,180.382978723404
11.0952360369065,180.306382978723
11.1111090498348,180.259574468085
11.1269820627632,180.225531914894
11.1428550756915,180.289361702128
11.1587280886198,180.323404255319
11.1746011015482,180.514893617021
11.1904741144765,180.570212765957
11.2063471274048,180.51914893617
11.2222201403332,180.463829787234
11.2380931532615,180.578723404255
11.2539661661899,180.842553191489
11.2698391791182,181.140425531915
11.2857121920465,181.51914893617
11.3015852049749,181.851063829787
11.3174582179032,182.165957446809
11.3333312308315,182.187234042553
11.3492042437599,182.008510638298
11.3650772566882,181.693617021277
11.3809502696165,181.442553191489
11.3968232825449,181.178723404255
11.4126962954732,180.987234042553
11.4285693084015,180.851063829787
11.4444423213299,180.71914893617
11.4603153342582,180.434042553191
11.4761883471865,180.153191489362
11.4920613601149,179.868085106383
11.5079343730432,179.472340425532
11.5238073859716,179.178723404255
11.5396803988999,178.829787234043
11.5555534118282,178.506382978723
11.5714264247566,178.102127659574
11.5872994376849,177.544680851064
11.6031724506132,176.757446808511
11.6190454635416,175.923404255319
11.6349184764699,175.131914893617
11.6507914893982,174.48085106383
11.6666645023266,173.859574468085
11.6825375152549,173.629787234043
11.6984105281832,173.370212765957
11.7142835411116,173.272340425532
11.7301565540399,173.28085106383
11.7460295669683,173.36170212766
11.7619025798966,173.285106382979
11.7777755928249,173.178723404255
11.7936486057533,173.110638297872
11.8095216186816,172.902127659574
11.8253946316099,172.56170212766
11.8412676445383,172.2
11.8571406574666,171.825531914894
11.8730136703949,171.382978723404
11.8888866833233,171.063829787234
11.9047596962516,170.757446808511
11.9206327091799,170.582978723404
11.9365057221083,170.297872340426
11.9523787350366,169.757446808511
11.9682517479649,169.293617021277
11.9841247608933,168.782978723404
11.9999977738216,168.204255319149
12.01587078675,167.646808510638
12.0317437996783,167.289361702128
12.0476168126066,166.868085106383
12.063489825535,166.689361702128
12.0793628384633,166.31914893617
12.0952358513916,165.948936170213
12.11110886432,165.604255319149
12.1269818772483,165.157446808511
12.1428548901766,164.625531914894
12.158727903105,164.395744680851
12.1746009160333,164.136170212766
12.1904739289616,163.982978723404
12.20634694189,163.8
12.2222199548183,163.672340425532
12.2380929677467,163.489361702128
12.253965980675,163.268085106383
12.2698389936033,162.872340425532
12.2857120065317,162.412765957447
12.30158501946,162.017021276596
12.3174580323883,161.514893617021
12.3333310453167,161.106382978723
12.349204058245,160.672340425532
12.3650770711733,160.404255319149
12.3809500841017,160.110638297872
12.39682309703,159.795744680851
12.4126961099583,159.48085106383
12.4285691228867,159.051063829787
12.444442135815,158.787234042553
12.4603151487433,158.463829787234
12.4761881616717,158.234042553192
12.4920611746,158.170212765957
12.5079341875284,158.263829787234
12.5238072004567,158.463829787234
12.539680213385,158.778723404255
12.5555532263134,158.906382978723
12.5714262392417,159.110638297872
12.58729925217,159.2
12.6031722650984,159.336170212766
12.6190452780267,159.514893617021
12.634918290955,159.463829787234
12.6507913038834,159.251063829787
12.6666643168117,158.804255319149
12.68253732974,158.451063829787
12.6984103426684,157.936170212766
12.7142833555967,157.676595744681
12.7301563685251,157.625531914894
12.7460293814534,157.685106382979
12.7619023943817,157.923404255319
12.7777754073101,158.255319148936
12.7936484202384,158.378723404255
12.8095214331667,158.553191489362
12.8253944460951,158.595744680851
12.8412674590234,158.608510638298
12.8571404719517,158.565957446809
12.8730134848801,158.655319148936
12.8888864978084,158.893617021277
12.9047595107367,159.051063829787
12.9206325236651,159.357446808511
12.9365055365934,159.714893617021
12.9523785495217,160.136170212766
12.9682515624501,160.293617021277
12.9841245753784,160.31914893617
12.9999975883068,160.208510638298
13.0158706012351,159.782978723404
13.0317436141634,159.178723404255
13.0476166270918,158.604255319149
13.0634896400201,158.246808510638
13.0793626529484,158.046808510638
13.0952356658768,158.136170212766
13.1111086788051,158.323404255319
13.1269816917334,158.489361702128
13.1428547046618,158.434042553191
13.1587277175901,158.417021276596
13.1746007305184,158.31914893617
13.1904737434468,158.285106382979
13.2063467563751,158.382978723404
13.2222197693035,158.48085106383
13.2380927822318,158.659574468085
13.2539657951601,158.804255319149
13.2698388080885,158.829787234043
13.2857118210168,158.621276595745
13.3015848339451,158.408510638298
13.3174578468735,158.089361702128
13.3333308598018,157.757446808511
13.3492038727301,157.493617021277
13.3650768856585,157.336170212766
13.3809498985868,157.289361702128
13.3968229115151,157.370212765957
13.4126959244435,157.663829787234
13.4285689373718,158.068085106383
13.4444419503001,158.404255319149
13.4603149632285,158.668085106383
13.4761879761568,159.225531914894
13.4920609890852,159.591489361702
13.5079340020135,159.842553191489
13.5238070149418,160.127659574468
13.5396800278702,160.336170212766
13.5555530407985,160.297872340426
13.5714260537268,160.625531914894
13.5872990666552,160.727659574468
13.6031720795835,160.982978723404
13.6190450925118,161.093617021277
13.6349181054402,161.370212765957
13.6507911183685,161.76170212766
13.6666641312968,162.029787234043
13.6825371442252,162.144680851064
13.6984101571535,162.246808510638
13.7142831700819,162.31914893617
13.7301561830102,162.306382978723
13.7460291959385,162.110638297872
13.7619022088669,161.893617021277
13.7777752217952,161.782978723404
13.7936482347235,161.621276595745
13.8095212476519,161.548936170213
13.8253942605802,161.523404255319
13.8412672735085,161.553191489362
13.8571402864369,161.693617021277
13.8730132993652,162.046808510638
13.8888863122935,162.459574468085
13.9047593252219,163
13.9206323381502,163.578723404255
13.9365053510785,164.063829787234
13.9523783640069,164.765957446809
13.9682513769352,165.217021276596
13.9841243898636,165.714893617021
13.9999974027919,165.931914893617
14.0158704157202,166.029787234043
14.0317434286486,166.136170212766
14.0476164415769,166.106382978723
14.0634894545052,165.76170212766
14.0793624674336,165.587234042553
14.0952354803619,165.157446808511
14.1111084932902,164.736170212766
14.1269815062186,164.314893617021
14.1428545191469,163.931914893617
14.1587275320752,163.565957446809
14.1746005450036,163.344680851064
14.1904735579319,163.157446808511
14.2063465708603,163.072340425532
14.2222195837886,163.225531914894
14.2380925967169,163.472340425532
14.2539656096453,163.906382978723
14.2698386225736,164.446808510638
14.2857116355019,165.195744680851
14.3015846484303,166.093617021277
14.3174576613586,166.791489361702
14.3333306742869,167.574468085106
14.3492036872153,167.974468085106
14.3650767001436,168.357446808511
14.3809497130719,168.412765957447
14.3968227260003,168.353191489362
14.4126957389286,168.23829787234
14.4285687518569,168.182978723404
14.4444417647853,168.114893617021
14.4603147777136,168.102127659574
14.476187790642,167.953191489362
14.4920608035703,167.965957446809
14.5079338164986,167.821276595745
14.523806829427,167.621276595745
14.5396798423553,167.302127659574
14.5555528552836,166.965957446809
14.571425868212,166.787234042553
14.5872988811403,166.676595744681
14.6031718940686,166.595744680851
14.619044906997,166.697872340426
14.6349179199253,166.8
14.6507909328536,166.927659574468
14.666663945782,167.136170212766
14.6825369587103,167.395744680851
14.6984099716387,167.506382978723
14.714282984567,167.851063829787
14.7301559974953,168.276595744681
14.7460290104237,168.885106382979
14.761902023352,169.663829787234
14.7777750362803,170.391489361702
14.7936480492087,171.170212765957
14.809521062137,171.859574468085
14.8253940750653,172.421276595745
14.8412670879937,172.855319148936
14.857140100922,173.123404255319
14.8730131138503,173.276595744681
14.8888861267787,173.144680851064
14.904759139707,172.842553191489
14.9206321526353,172.646808510638
14.9365051655637,172.4
14.952378178492,172.276595744681
14.9682511914204,172.165957446809
14.9841242043487,172.421276595745
14.999997217277,172.697872340426
15.0158702302054,173.03829787234
15.0317432431337,173.365957446809
15.047616256062,173.587234042553
15.0634892689904,173.693617021277
15.0793622819187,173.68085106383
15.095235294847,173.71914893617
15.1111083077754,173.931914893617
15.1269813207037,174.204255319149
15.142854333632,174.523404255319
15.1587273465604,174.804255319149
15.1746003594887,175.03829787234
15.1904733724171,175.229787234043
15.2063463853454,175.327659574468
15.2222193982737,175.476595744681
15.2380924112021,175.604255319149
15.2539654241304,175.872340425532
15.2698384370587,176.310638297872
15.2857114499871,176.702127659574
15.3015844629154,177.11914893617
15.3174574758437,177.429787234043
15.3333304887721,177.63829787234
15.3492035017004,177.595744680851
15.3650765146287,177.578723404255
15.3809495275571,177.217021276596
15.3968225404854,176.906382978723
15.4126955534137,176.697872340426
15.4285685663421,176.425531914894
15.4444415792704,176.16170212766
15.4603145921988,176.034042553191
15.4761876051271,175.727659574468
15.4920606180554,175.540425531915
15.5079336309838,175.412765957447
15.5238066439121,175.212765957447
15.5396796568404,174.927659574468
15.5555526697688,174.723404255319
15.5714256826971,174.774468085106
15.5872986956254,174.608510638298
15.6031717085538,174.531914893617
15.6190447214821,174.685106382979
15.6349177344104,174.893617021277
15.6507907473388,175.131914893617
15.6666637602671,175.255319148936
15.6825367731954,175.191489361702
15.6984097861238,175.017021276596
15.7142827990521,174.782978723404
15.7301558119805,174.297872340426
15.7460288249088,174.148936170213
15.7619018378371,173.965957446809
15.7777748507655,173.923404255319
15.7936478636938,174.008510638298
15.8095208766221,174.085106382979
15.8253938895505,174.178723404255
15.8412669024788,174.102127659574
15.8571399154071,173.817021276596
15.8730129283355,173.510638297872
15.8888859412638,173.004255319149
15.9047589541921,172.429787234043
15.9206319671205,171.795744680851
15.9365049800488,171.157446808511
15.9523779929772,170.553191489362
15.9682510059055,170.102127659574
15.9841240188338,169.612765957447
15.9999970317622,169.285106382979
16.0158700446905,169.178723404255
16.0317430576188,169.097872340426
16.0476160705472,169.025531914894
16.0634890834755,169.017021276596
16.0793620964038,168.991489361702
16.0952351093322,168.991489361702
16.1111081222605,168.842553191489
16.1269811351888,168.731914893617
16.1428541481172,168.659574468085
16.1587271610455,168.663829787234
16.1746001739739,168.685106382979
16.1904731869022,168.642553191489
16.2063461998305,168.642553191489
16.2222192127589,168.727659574468
16.2380922256872,168.770212765957
16.2539652386155,168.731914893617
16.2698382515439,168.506382978723
16.2857112644722,168.327659574468
16.3015842774005,168.246808510638
16.3174572903289,168.187234042553
16.3333303032572,168.085106382979
16.3492033161855,168.285106382979
16.3650763291139,168.357446808511
16.3809493420422,168.434042553191
16.3968223549705,168.310638297872
16.4126953678989,168.165957446809
16.4285683808272,167.859574468085
16.4444413937556,167.451063829787
16.4603144066839,167.051063829787
16.4761874196122,166.587234042553
16.4920604325406,166.106382978723
16.5079334454689,165.68085106383
16.5238064583972,165.340425531915
16.5396794713256,164.987234042553
16.5555524842539,164.846808510638
16.5714254971822,164.8
16.5872985101106,164.889361702128
16.6031715230389,165.042553191489
16.6190445359672,165.097872340426
16.6349175488956,165.289361702128
16.6507905618239,165.165957446809
16.6666635747522,164.83829787234
16.6825365876806,164.451063829787
16.6984096006089,164.114893617021
16.7142826135373,163.855319148936
16.7301556264656,163.676595744681
16.7460286393939,163.668085106383
16.7619016523223,163.808510638298
16.7777746652506,163.893617021277
16.7936476781789,163.91914893617
16.8095206911073,163.902127659574
16.8253937040356,163.765957446809
16.8412667169639,163.765957446809
16.8571397298923,163.736170212766
16.8730127428206,163.757446808511
16.8888857557489,164.029787234043
16.9047587686773,164.387234042553
16.9206317816056,164.740425531915
16.936504794534,164.936170212766
16.9523778074623,164.944680851064
16.9682508203906,164.808510638298
16.984123833319,164.595744680851
16.9999968462473,164.531914893617
17.0158698591756,164.536170212766
17.031742872104,164.612765957447
17.0476158850323,164.744680851064
17.0634888979606,164.948936170213
17.079361910889,164.855319148936
17.0952349238173,164.489361702128
17.1111079367456,164.102127659574
17.126980949674,163.748936170213
17.1428539626023,163.4
17.1587269755306,162.889361702128
17.174599988459,162.459574468085
17.1904730013873,162.170212765957
17.2063460143157,161.987234042553
17.222219027244,161.863829787234
17.2380920401723,161.829787234043
17.2539650531007,162.021276595745
17.269838066029,162.268085106383
17.2857110789573,162.463829787234
17.3015840918857,162.804255319149
17.317457104814,163.136170212766
17.3333301177423,163.412765957447
17.3492031306707,163.6
17.365076143599,163.68085106383
17.3809491565273,163.855319148936
17.3968221694557,163.948936170213
17.412695182384,164.174468085106
17.4285681953124,164.395744680851
17.4444412082407,164.655319148936
17.460314221169,165.029787234043
17.4761872340974,165.510638297872
17.4920602470257,165.872340425532
17.507933259954,166.344680851064
17.5238062728824,166.374468085106
17.5396792858107,166.536170212766
17.555552298739,166.4
17.5714253116674,165.791489361702
17.5872983245957,165.068085106383
17.603171337524,164.417021276596
17.6190443504524,163.787234042553
17.6349173633807,163.204255319149
17.6507903763091,162.96170212766
17.6666633892374,162.770212765957
17.6825364021657,162.808510638298
17.6984094150941,162.893617021277
17.7142824280224,162.748936170213
17.7301554409507,162.557446808511
17.7460284538791,162.348936170213
17.7619014668074,162.093617021277
17.7777744797357,162.004255319149
17.7936474926641,161.953191489362
17.8095205055924,162.076595744681
17.8253935185207,162.306382978723
17.8412665314491,162.536170212766
17.8571395443774,162.646808510638
17.8730125573057,162.736170212766
17.8888855702341,162.885106382979
17.9047585831624,163.046808510638
17.9206315960908,163.506382978723
17.9365046090191,163.868085106383
17.9523776219474,164.221276595745
17.9682506348758,164.6
17.9841236478041,164.936170212766
17.9999966607324,165.08085106383
18.0158696736608,165.178723404255
18.0317426865891,165.165957446809
18.0476156995174,165.076595744681
18.0634887124458,164.804255319149
18.0793617253741,164.536170212766
18.0952347383024,164.110638297872
18.1111077512308,163.629787234043
18.1269807641591,163.174468085106
18.1428537770874,162.842553191489
18.1587267900158,162.625531914894
18.1745998029441,162.365957446809
18.1904728158725,162.123404255319
18.2063458288008,161.96170212766
18.2222188417291,161.897872340426
18.2380918546575,161.825531914894
18.2539648675858,161.753191489362
18.2698378805141,161.774468085106
18.2857108934425,162.025531914894
18.3015839063708,162.153191489362
18.3174569192991,162.110638297872
18.3333299322275,162.068085106383
18.3492029451558,161.96170212766
18.3650759580841,161.944680851064
18.3809489710125,161.876595744681
18.3968219839408,162.097872340426
18.4126949968692,162.370212765957
18.4285680097975,162.646808510638
18.4444410227258,162.817021276596
18.4603140356542,162.795744680851
18.4761870485825,162.702127659574
18.4920600615108,162.514893617021
18.5079330744392,162.306382978723
18.5238060873675,162.148936170213
18.5396791002958,162.051063829787
18.5555521132242,162.055319148936
18.5714251261525,162.021276595745
18.5872981390808,161.885106382979
18.6031711520092,161.570212765957
18.6190441649375,161.221276595745
18.6349171778658,161.012765957447
18.6507901907942,160.96170212766
18.6666632037225,161.140425531915
18.6825362166509,161.370212765957
18.6984092295792,161.736170212766
18.7142822425075,161.923404255319
18.7301552554359,162.029787234043
18.7460282683642,161.978723404255
18.7619012812925,161.774468085106
18.7777742942209,161.506382978723
18.7936473071492,161.153191489362
18.8095203200775,160.804255319149
18.8253933330059,160.629787234043
18.8412663459342,160.544680851064
18.8571393588625,160.557446808511
18.8730123717909,160.531914893617
18.8888853847192,160.506382978723
18.9047583976476,160.348936170213
18.9206314105759,160.008510638298
18.9365044235042,159.740425531915
18.9523774364326,159.340425531915
18.9682504493609,159.03829787234
18.9841234622892,159.008510638298
18.9999964752176,159.153191489362
19.0158694881459,159.310638297872
19.0317425010742,159.587234042553
19.0476155140026,159.791489361702
19.0634885269309,160.029787234043
19.0793615398592,160.178723404255
19.0952345527876,160.28085106383
19.1111075657159,160.629787234043
19.1269805786442,161.110638297872
19.1428535915726,161.370212765957
19.1587266045009,161.685106382979
19.1745996174293,161.923404255319
19.1904726303576,162.114893617021
19.2063456432859,162.259574468085
19.2222186562143,162.246808510638
19.2380916691426,162.165957446809
19.2539646820709,162.187234042553
19.2698376949993,162.127659574468
19.2857107079276,162.187234042553
19.3015837208559,162.229787234043
19.3174567337843,162.31914893617
19.3333297467126,162.548936170213
19.3492027596409,162.774468085106
19.3650757725693,163.021276595745
19.3809487854976,163.234042553192
19.396821798426,163.302127659574
19.4126948113543,163.348936170213
19.4285678242826,163.148936170213
19.444440837211,163.051063829787
19.4603138501393,162.931914893617
19.4761868630676,162.855319148936
19.492059875996,162.736170212766
19.5079328889243,162.685106382979
19.5238059018526,162.714893617021
19.539678914781,162.510638297872
19.5555519277093,162.540425531915
19.5714249406376,162.71914893617
19.587297953566,162.96170212766
19.6031709664943,163.446808510638
19.6190439794226,164.263829787234
19.634916992351,164.987234042553
19.6507900052793,165.672340425532
19.6666630182077,166.046808510638
19.682536031136,166.472340425532
19.6984090440643,166.6
19.7142820569927,166.714893617021
19.730155069921,166.889361702128
19.7460280828493,167.246808510638
19.7619010957777,167.595744680851
19.777774108706,167.910638297872
19.7936471216343,167.897872340426
19.8095201345627,168.059574468085
19.825393147491,167.923404255319
19.8412661604193,167.693617021277
19.8571391733477,167.553191489362
19.873012186276,167.536170212766
19.8888851992044,167.48085106383
19.9047582121327,167.544680851064
19.920631225061,167.71914893617
19.9365042379894,167.753191489362
19.9523772509177,167.817021276596
19.968250263846,167.710638297872
19.9841232767744,167.582978723404
19.9999962897027,167.651063829787
20.015869302631,167.842553191489
20.0317423155594,167.902127659574
20.0476153284877,168.191489361702
20.063488341416,168.434042553191
20.0793613543444,168.689361702128
20.0952343672727,168.931914893617
20.111107380201,169.208510638298
20.1269803931294,169.297872340426
20.1428534060577,169.404255319149
20.1587264189861,169.502127659574
20.1745994319144,169.455319148936
20.1904724448427,169.544680851064
20.2063454577711,169.56170212766
20.2222184706994,169.595744680851
20.2380914836277,169.748936170213
20.2539644965561,170.008510638298
20.2698375094844,170.348936170213
20.2857105224127,170.872340425532
20.3015835353411,171.165957446809
20.3174565482694,171.570212765957
20.3333295611977,171.829787234043
20.3492025741261,172.182978723404
20.3650755870544,172.378723404255
20.3809485999828,172.604255319149
20.3968216129111,172.855319148936
20.4126946258394,172.965957446809
20.4285676387678,172.851063829787
20.4444406516961,172.553191489362
20.4603136646244,172.148936170213
20.4761866775528,171.923404255319
20.4920596904811,171.685106382979
20.5079327034094,171.417021276596
20.5238057163378,171.434042553191
20.5396787292661,171.502127659574
20.5555517421944,171.514893617021
20.5714247551228,171.536170212766
20.5872977680511,171.523404255319
20.6031707809794,171.36170212766
20.6190437939078,171.285106382979
20.6349168068361,171.097872340426
20.6507898197645,170.855319148936
20.6666628326928,170.536170212766
20.6825358456211,170.2
20.6984088585495,169.782978723404
20.7142818714778,169.391489361702
20.7301548844061,169.076595744681
20.7460278973345,168.931914893617
20.7619009102628,168.778723404255
20.7777739231911,168.757446808511
20.7936469361195,168.753191489362
20.8095199490478,168.604255319149
20.8253929619761,168.314893617021
20.8412659749045,167.897872340426
20.8571389878328,167.48085106383
20.8730120007612,167.093617021277
20.8888850136895,166.689361702128
20.9047580266178,166.404255319149
20.9206310395462,166.297872340426
20.9365040524745,166.174468085106
20.9523770654028,166.2
20.9682500783312,166.165957446809
20.9841230912595,166.097872340426
20.9999961041878,166.110638297872
21.0158691171162,166.097872340426
21.0317421300445,166.03829787234
21.0476151429728,166.051063829787
21.0634881559012,166.063829787234
21.0793611688295,165.885106382979
21.0952341817578,165.774468085106
21.1111071946862,165.531914893617
21.1269802076145,165.23829787234
21.1428532205429,165.021276595745
21.1587262334712,164.970212765957
21.1745992463995,164.914893617021
21.1904722593279,165.157446808511
21.2063452722562,165.374468085106
21.2222182851845,165.634042553191
21.2380912981129,165.96170212766
21.2539643110412,166.455319148936
21.2698373239695,166.8
21.2857103368979,166.965957446809
21.3015833498262,167.23829787234
21.3174563627545,167.374468085106
21.3333293756829,167.685106382979
21.3492023886112,167.834042553191
21.3650754015395,168.068085106383
21.3809484144679,168.365957446809
21.3968214273962,168.285106382979
21.4126944403246,168.059574468085
21.4285674532529,167.83829787234
21.4444404661812,167.548936170213
21.4603134791096,167.336170212766
21.4761864920379,167.297872340426
21.4920595049662,167.408510638298
21.5079325178946,167.6
21.5238055308229,167.76170212766
21.5396785437512,167.748936170213
21.5555515566796,167.604255319149
21.5714245696079,167.357446808511
21.5872975825362,167.136170212766
21.6031705954646,166.872340425532
21.6190436083929,166.617021276596
21.6349166213213,166.514893617021
21.6507896342496,166.540425531915
21.6666626471779,166.702127659574
21.6825356601063,166.736170212766
21.6984086730346,166.953191489362
21.7142816859629,166.851063829787
21.7301546988913,167.11914893617
21.7460277118196,167.165957446809
21.7619007247479,166.936170212766
21.7777737376763,166.791489361702
21.7936467506046,166.634042553191
21.8095197635329,166.472340425532
21.8253927764613,166.434042553191
21.8412657893896,166.153191489362
21.857138802318,166.097872340426
21.8730118152463,166.187234042553
21.8888848281746,166.268085106383
21.904757841103,166.395744680851
21.9206308540313,166.425531914894
21.9365038669596,166.446808510638
21.952376879888,166.591489361702
21.9682498928163,166.527659574468
21.9841229057446,166.310638297872
21.999995918673,166.029787234043
22.0158689316013,165.974468085106
22.0317419445296,165.868085106383
22.047614957458,165.812765957447
22.0634879703863,165.936170212766
22.0793609833146,166.344680851064
22.095233996243,166.48085106383
22.1111070091713,166.787234042553
22.1269800220997,167.289361702128
22.142853035028,167.757446808511
22.1587260479563,168.182978723404
22.1745990608847,168.693617021277
22.190472073813,169.063829787234
22.2063450867413,169.459574468085
22.2222180996697,169.757446808511
22.238091112598,169.953191489362
22.2539641255263,170.153191489362
22.2698371384547,170.2
22.285710151383,170.182978723404
22.3015831643113,170.042553191489
22.3174561772397,170.004255319149
22.333329190168,170.029787234043
22.3492022030964,170.072340425532
22.3650752160247,170.212765957447
22.380948228953,170.28085106383
22.3968212418814,170.229787234043
22.4126942548097,170.063829787234
22.428567267738,169.812765957447
22.4444402806664,169.455319148936
22.4603132935947,169.051063829787
22.476186306523,168.697872340426
22.4920593194514,168.574468085106
22.5079323323797,168.655319148936
22.523805345308,168.906382978723
22.5396783582364,169.421276595745
22.5555513711647,169.910638297872
22.571424384093,170.357446808511
22.5872973970214,170.834042553191
22.6031704099497,171.195744680851
22.6190434228781,171.451063829787
22.6349164358064,171.842553191489
22.6507894487347,172.217021276596
22.6666624616631,172.565957446809
22.6825354745914,172.931914893617
22.6984084875197,173.276595744681
22.7142815004481,173.382978723404
22.7301545133764,173.353191489362
22.7460275263047,173.182978723404
22.7619005392331,173.076595744681
22.7777735521614,173.008510638298
22.7936465650897,172.995744680851
22.8095195780181,173.314893617021
22.8253925909464,173.817021276596
22.8412656038747,174.493617021277
22.8571386168031,175.242553191489
22.8730116297314,175.902127659574
22.8888846426598,176.493617021277
22.9047576555881,176.906382978723
22.9206306685164,177.11914893617
22.9365036814448,177.4
22.9523766943731,177.702127659574
22.9682497073014,177.982978723404
22.9841227202298,178.36170212766
22.9999957331581,178.868085106383
23.0158687460864,179.225531914894
23.0317417590148,179.43829787234
23.0476147719431,179.56170212766
23.0634877848714,179.740425531915
23.0793607977998,179.885106382979
23.0952338107281,179.991489361702
23.1111068236565,180.191489361702
23.1269798365848,180.6
23.1428528495131,181.165957446809
23.1587258624415,181.693617021277
23.1745988753698,182.297872340426
23.1904718882981,182.885106382979
23.2063449012265,183.510638297872
23.2222179141548,183.91914893617
23.2380909270831,184.395744680851
23.2539639400115,184.617021276596
23.2698369529398,184.885106382979
23.2857099658681,184.953191489362
23.3015829787965,184.851063829787
23.3174559917248,184.672340425532
23.3333290046531,184.425531914894
23.3492020175815,183.940425531915
23.3650750305098,183.523404255319
23.3809480434382,183.034042553191
23.3968210563665,182.56170212766
23.4126940692948,182.127659574468
23.4285670822232,181.774468085106
23.4444400951515,181.531914893617
23.4603131080798,181.434042553191
23.4761861210082,181.323404255319
23.4920591339365,181.391489361702
23.5079321468648,181.187234042553
23.5238051597932,180.71914893617
23.5396781727215,180.276595744681
23.5555511856498,179.740425531915
23.5714241985782,178.978723404255
23.5872972115065,178.344680851064
23.6031702244349,177.8
23.6190432373632,177.425531914894
23.6349162502915,176.902127659574
23.6507892632199,176.523404255319
23.6666622761482,176.178723404255
23.6825352890765,175.68085106383
23.6984083020049,175.148936170213
23.7142813149332,174.672340425532
23.7301543278615,174.204255319149
23.7460273407899,173.897872340426
23.7619003537182,173.770212765957
23.7777733666465,173.659574468085
23.7936463795749,173.668085106383
23.8095193925032,173.63829787234
23.8253924054316,173.753191489362
23.8412654183599,173.612765957447
23.8571384312882,173.323404255319
23.8730114442166,173.03829787234
23.8888844571449,172.685106382979
23.9047574700732,172.259574468085
23.9206304830016,172.182978723404
23.9365034959299,172.306382978723
23.9523765088582,172.446808510638
23.9682495217866,172.753191489362
23.9841225347149,172.957446808511
23.9999955476432,173.221276595745
24.0158685605716,173.451063829787
24.0317415734999,173.578723404255
24.0476145864282,173.770212765957
24.0634875993566,173.953191489362
24.0793606122849,174.195744680851
24.0952336252133,174.36170212766
24.1111066381416,174.63829787234
24.1269796510699,174.778723404255
24.1428526639983,175
24.1587256769266,175.029787234043
24.1745986898549,175.157446808511
24.1904717027833,175.148936170213
24.2063447157116,174.723404255319
24.2222177286399,173.923404255319
24.2380907415683,172.851063829787
24.2539637544966,171.587234042553
24.2698367674249,170.378723404255
24.2857097803533,169.468085106383
24.3015827932816,168.936170212766
24.3174558062099,168.744680851064
24.3333288191383,168.736170212766
24.3492018320666,169.212765957447
24.365074844995,169.591489361702
24.3809478579233,170.114893617021
24.3968208708516,170.578723404255
24.41269388378,171.11914893617
24.4285668967083,171.536170212766
24.4444399096366,171.889361702128
24.460312922565,172.221276595745
24.4761859354933,172.344680851064
24.4920589484216,172.340425531915
24.50793196135,172.025531914894
24.5238049742783,171.863829787234
24.5396779872066,171.536170212766
24.555551000135,171.16170212766
24.5714240130633,170.821276595745
24.5872970259917,170.587234042553
24.60317003892,170.404255319149
24.6190430518483,170.089361702128
24.6349160647767,169.910638297872
24.650789077705,169.706382978723
24.6666620906333,169.293617021277
24.6825351035617,169.131914893617
24.69840811649,169.208510638298
24.7142811294183,169.31914893617
24.7301541423467,169.625531914894
24.746027155275,170.046808510638
24.7619001682033,170.463829787234
24.7777731811317,170.821276595745
24.79364619406,171.11914893617
24.8095192069883,171.089361702128
24.8253922199167,170.872340425532
24.841265232845,170.587234042553
24.8571382457734,170.646808510638
