"Date: 11/19/2019 10:58:53 AM"
0
#TRUE#,#FALSE#,#FALSE#
#TRUE#
82.6,82.6,82.6
"E:\Scan 1\PSTR7_Coral_1_2_5_BONE.bmp"
""
233,522,1612,529,1614,210,235,203
1380
0,182.415625
1.21065375302663E-02,182.034375
2.42130750605327E-02,181.703125
.036319612590799,181.48125
4.84261501210654E-02,181.290625
6.05326876513317E-02,181.159375
7.26392251815981E-02,180.85625
8.47457627118644E-02,180.68125
9.68523002421308E-02,180.3375
.108958837772397,179.915625
.121065375302663,179.446875
.13317191283293,178.91875
.145278450363196,178.41875
.157384987893463,177.890625
.169491525423729,177.575
.181598062953995,177.221875
.193704600484262,176.9875
.205811138014528,176.928125
.217917675544794,177.00625
.230024213075061,177.275
.242130750605327,177.6375
.254237288135593,178.153125
.26634382566586,178.646875
.278450363196126,179.19375
.290556900726392,179.59375
.302663438256659,179.946875
.314769975786925,180.08125
.326876513317191,180.046875
.338983050847458,179.884375
.351089588377724,179.64375
.36319612590799,179.346875
.375302663438257,179.04375
.387409200968523,178.83125
.399515738498789,178.809375
.411622276029056,178.7875
.423728813559322,178.90625
.435835351089588,179.009375
.447941888619855,179.196875
.460048426150121,179.259375
.472154963680388,179.39375
.484261501210654,179.365625
.49636803874092,179.33125
.508474576271187,179.2625
.520581113801453,179.21875
.532687651331719,179.090625
.544794188861986,179.003125
.556900726392252,178.903125
.569007263922518,178.85
.581113801452785,178.78125
.593220338983051,178.5625
.605326876513317,178.371875
.617433414043584,178.21875
.62953995157385,178.075
.641646489104116,177.8875
.653753026634383,177.8625
.665859564164649,177.6875
.677966101694915,177.58125
.690072639225182,177.5375
.702179176755448,177.45
.714285714285714,177.221875
.726392251815981,176.853125
.738498789346247,176.490625
.750605326876513,176.0875
.76271186440678,175.7625
.774818401937046,175.421875
.786924939467313,175.221875
.799031476997579,175.140625
.811138014527845,175.265625
.823244552058112,175.3875
.835351089588378,175.575
.847457627118644,175.909375
.859564164648911,176.040625
.871670702179177,176.05
.883777239709443,175.940625
.89588377723971,175.5875
.907990314769976,175.009375
.920096852300242,174.284375
.932203389830509,173.4875
.944309927360775,172.665625
.956416464891041,171.928125
.968523002421308,171.409375
.980629539951574,171.178125
.99273607748184,171.159375
1.00484261501211,171.303125
1.01694915254237,171.628125
1.02905569007264,172.078125
1.04116222760291,172.5625
1.05326876513317,173.090625
1.06537530266344,173.546875
1.0774818401937,174.078125
1.08958837772397,174.553125
1.10169491525424,175.134375
1.1138014527845,175.734375
1.12590799031477,176.403125
1.13801452784504,177.01875
1.1501210653753,177.6875
1.16222760290557,178.334375
1.17433414043584,178.890625
1.1864406779661,179.29375
1.19854721549637,179.58125
1.21065375302663,179.6375
1.2227602905569,179.734375
1.23486682808717,179.59375
1.24697336561743,179.29375
1.2590799031477,178.86875
1.27118644067797,178.40625
1.28329297820823,177.928125
1.2953995157385,177.43125
1.30750605326877,177.00625
1.31961259079903,176.46875
1.3317191283293,176.05625
1.34382566585956,175.459375
1.35593220338983,175.01875
1.3680387409201,174.53125
1.38014527845036,174.11875
1.39225181598063,173.734375
1.4043583535109,173.553125
1.41646489104116,173.534375
1.42857142857143,173.64375
1.4406779661017,173.890625
1.45278450363196,174.284375
1.46489104116223,174.7125
1.47699757869249,175.234375
1.48910411622276,175.75
1.50121065375303,176.14375
1.51331719128329,176.5375
1.52542372881356,176.975
1.53753026634383,177.396875
1.54963680387409,177.821875
1.56174334140436,178.30625
1.57384987893463,178.865625
1.58595641646489,179.290625
1.59806295399516,179.525
1.61016949152542,179.79375
1.62227602905569,179.803125
1.63438256658596,179.753125
1.64648910411622,179.521875
1.65859564164649,179.15625
1.67070217917676,178.7875
1.68280871670702,178.4125
1.69491525423729,178.021875
1.70702179176755,177.55625
1.71912832929782,177.19375
1.73123486682809,176.80625
1.74334140435835,176.41875
1.75544794188862,176.190625
1.76755447941889,175.94375
1.77966101694915,175.734375
1.79176755447942,175.578125
1.80387409200969,175.496875
1.81598062953995,175.565625
1.82808716707022,175.696875
1.84019370460048,175.903125
1.85230024213075,176.24375
1.86440677966102,176.659375
1.87651331719128,177.240625
1.88861985472155,177.740625
1.90072639225182,178.3625
1.91283292978208,178.90625
1.92493946731235,179.496875
1.93704600484262,180.084375
1.94915254237288,180.59375
1.96125907990315,181.075
1.97336561743341,181.54375
1.98547215496368,182.125
1.99757869249395,182.6625
2.00968523002421,183.15
2.02179176755448,183.746875
2.03389830508475,184.25625
2.04600484261501,184.771875
2.05811138014528,185.371875
2.07021791767555,185.890625
2.08232445520581,186.28125
2.09443099273608,186.55
2.10653753026634,186.790625
2.11864406779661,186.859375
2.13075060532688,186.8
2.14285714285714,186.496875
2.15496368038741,186.10625
2.16707021791768,185.675
2.17917675544794,185.121875
2.19128329297821,184.575
2.20338983050847,184.240625
2.21549636803874,183.94375
2.22760290556901,183.64375
2.23970944309927,183.628125
2.25181598062954,183.715625
2.26392251815981,183.915625
2.27602905569007,184.1625
2.28813559322034,184.559375
2.30024213075061,184.834375
2.31234866828087,185.121875
2.32445520581114,185.359375
2.33656174334141,185.61875
2.34866828087167,185.928125
2.36077481840194,186.2125
2.3728813559322,186.415625
2.38498789346247,186.640625
2.39709443099274,186.85
2.409200968523,186.91875
2.42130750605327,186.953125
2.43341404358354,186.909375
2.4455205811138,186.753125
2.45762711864407,186.559375
2.46973365617433,186.365625
2.4818401937046,186.1625
2.49394673123487,185.99375
2.50605326876513,185.83125
2.5181598062954,185.61875
2.53026634382567,185.36875
2.54237288135593,185.140625
2.5544794188862,184.815625
2.56658595641647,184.475
2.57869249394673,184.065625
2.590799031477,183.825
2.60290556900726,183.60625
2.61501210653753,183.5
2.6271186440678,183.59375
2.63922518159806,183.85625
2.65133171912833,184.278125
2.6634382566586,184.70625
2.67554479418886,185.240625
2.68765133171913,185.66875
2.6997578692494,186.13125
2.71186440677966,186.465625
2.72397094430993,186.671875
2.73607748184019,186.825
2.74818401937046,186.95625
2.76029055690073,187.04375
2.77239709443099,187.065625
2.78450363196126,187.184375
2.79661016949153,187.225
2.80871670702179,187.371875
2.82082324455206,187.465625
2.83292978208233,187.434375
2.84503631961259,187.4375
2.85714285714286,187.3
2.86924939467312,187.025
2.88135593220339,186.740625
2.89346246973366,186.334375
2.90556900726392,185.821875
2.91767554479419,185.328125
2.92978208232446,184.925
2.94188861985472,184.56875
2.95399515738499,184.29375
2.96610169491525,184.14375
2.97820823244552,184.028125
2.99031476997579,184.03125
3.00242130750605,183.975
3.01452784503632,183.978125
3.02663438256659,184.015625
3.03874092009685,184.034375
3.05084745762712,184.01875
3.06295399515739,184.025
3.07506053268765,184.084375
3.08716707021792,184.28125
3.09927360774818,184.540625
3.11138014527845,184.878125
3.12348668280872,185.2375
3.13559322033898,185.65
3.14769975786925,186.028125
3.15980629539952,186.421875
3.17191283292978,186.75
3.18401937046005,186.984375
3.19612590799032,187.165625
3.20823244552058,187.365625
3.22033898305085,187.5875
3.23244552058111,187.721875
3.24455205811138,187.690625
3.25665859564165,187.721875
3.26876513317191,187.665625
3.28087167070218,187.5625
3.29297820823245,187.471875
3.30508474576271,187.296875
3.31719128329298,187.090625
3.32929782082325,186.90625
3.34140435835351,186.778125
3.35351089588378,186.65
3.36561743341404,186.615625
3.37772397094431,186.746875
3.38983050847458,186.875
3.40193704600484,187.209375
3.41404358353511,187.646875
3.42615012106538,188.196875
3.43825665859564,188.74375
3.45036319612591,189.23125
3.46246973365618,189.76875
3.47457627118644,190.18125
3.48668280871671,190.5125
3.49878934624697,190.8125
3.51089588377724,191.009375
3.52300242130751,191.05625
3.53510895883777,190.95
3.54721549636804,190.884375
3.55932203389831,190.76875
3.57142857142857,190.690625
3.58353510895884,190.484375
3.59564164648911,190.29375
3.60774818401937,190.121875
3.61985472154964,189.921875
3.6319612590799,189.721875
3.64406779661017,189.36875
3.65617433414044,189.10625
3.6682808716707,188.646875
3.68038740920097,188.221875
3.69249394673124,187.853125
3.7046004842615,187.471875
3.71670702179177,187.0625
3.72881355932203,186.725
3.7409200968523,186.446875
3.75302663438257,186.33125
3.76513317191283,186.30625
3.7772397094431,186.315625
3.78934624697337,186.503125
3.80145278450363,186.6875
3.8135593220339,186.953125
3.82566585956417,187.221875
3.83777239709443,187.51875
3.8498789346247,187.89375
3.86198547215496,188.109375
3.87409200968523,188.3875
3.8861985472155,188.65
3.89830508474576,188.865625
3.91041162227603,188.921875
3.9225181598063,188.834375
3.93462469733656,188.715625
3.94673123486683,188.528125
3.9588377723971,188.340625
3.97094430992736,188.140625
3.98305084745763,187.884375
3.99515738498789,187.75
4.00726392251816,187.6875
4.01937046004843,187.55625
4.03147699757869,187.446875
4.04358353510896,187.35625
4.05569007263923,187.2
4.06779661016949,186.9625
4.07990314769976,186.665625
4.09200968523003,186.296875
4.10411622276029,185.875
4.11622276029056,185.43125
4.12832929782082,185.01875
4.14043583535109,184.63125
4.15254237288136,184.5
4.16464891041162,184.321875
4.17675544794189,184.315625
4.18886198547216,184.45
4.20096852300242,184.759375
4.21307506053269,185.03125
4.22518159806295,185.28125
4.23728813559322,185.54375
4.24939467312349,185.709375
4.26150121065375,185.871875
4.27360774818402,185.803125
4.28571428571429,185.73125
4.29782082324455,185.575
4.30992736077482,185.271875
4.32203389830509,185.128125
4.33414043583535,184.896875
4.34624697336562,184.803125
4.35835351089588,184.684375
4.37046004842615,184.703125
4.38256658595642,184.7875
4.39467312348668,184.91875
4.40677966101695,185.06875
4.41888619854722,185.1125
4.43099273607748,185.171875
4.44309927360775,185.15625
4.45520581113802,185.146875
4.46731234866828,185.046875
4.47941888619855,184.928125
4.49152542372881,184.85
4.50363196125908,184.9125
4.51573849878935,184.953125
4.52784503631961,185.084375
4.53995157384988,185.271875
4.55205811138015,185.490625
4.56416464891041,185.825
4.57627118644068,186.146875
4.58837772397095,186.415625
4.60048426150121,186.575
4.61259079903148,186.725
4.62469733656174,186.953125
4.63680387409201,187.0625
4.64891041162228,187.15
4.66101694915254,187.290625
4.67312348668281,187.503125
4.68523002421308,187.7125
4.69733656174334,187.809375
4.70944309927361,187.9375
4.72154963680388,188.03125
4.73365617433414,187.8625
4.74576271186441,187.675
4.75786924939467,187.40625
4.76997578692494,186.94375
4.78208232445521,186.603125
4.79418886198547,186.403125
4.80629539951574,186.171875
4.81840193704601,186.121875
4.83050847457627,186
4.84261501210654,185.89375
4.85472154963681,185.846875
4.86682808716707,185.63125
4.87893462469734,185.353125
4.8910411622276,185.096875
4.90314769975787,184.803125
4.91525423728814,184.48125
4.9273607748184,184.15
4.93946731234867,183.9125
4.95157384987894,183.765625
4.9636803874092,183.59375
4.97578692493947,183.45
4.98789346246974,183.409375
5,183.3
5.01210653753027,183.28125
5.02421307506053,183.153125
5.0363196125908,183.3875
5.04842615012107,183.609375
5.06053268765133,183.928125
5.0726392251816,184.5
5.08474576271187,185.125
5.09685230024213,185.784375
5.1089588377724,186.3375
5.12106537530266,186.9875
5.13317191283293,187.484375
5.1452784503632,187.7625
5.15738498789346,188.00625
5.16949152542373,188.21875
5.181598062954,188.28125
5.19370460048426,188.2875
5.20581113801453,188.190625
5.2179176755448,188.05
5.23002421307506,187.64375
5.24213075060533,187.08125
5.25423728813559,186.36875
5.26634382566586,185.409375
5.27845036319613,184.25
5.29055690072639,183.15
5.30266343825666,182.1125
5.31476997578693,181.075
5.32687651331719,179.928125
5.33898305084746,179.028125
5.35108958837773,178.353125
5.36319612590799,177.721875
5.37530266343826,177.178125
5.38740920096852,176.634375
5.39951573849879,176.246875
5.41162227602906,175.771875
5.42372881355932,175.384375
5.43583535108959,174.975
5.44794188861986,174.503125
5.46004842615012,174.08125
5.47215496368039,173.728125
5.48426150121066,173.325
5.49636803874092,173.2
5.50847457627119,172.953125
5.52058111380145,172.84375
5.53268765133172,172.88125
5.54479418886199,172.96875
5.55690072639225,172.928125
5.56900726392252,172.815625
5.58111380145279,172.634375
5.59322033898305,172.35625
5.60532687651332,171.98125
5.61743341404359,171.45625
5.62953995157385,170.928125
5.64164648910412,170.44375
5.65375302663438,169.959375
5.66585956416465,169.45625
5.67796610169492,169.05
5.69007263922518,168.5875
5.70217917675545,168.215625
5.71428571428572,167.85625
5.72639225181598,167.659375
5.73849878934625,167.58125
5.75060532687651,167.6125
5.76271186440678,167.76875
5.77481840193705,167.99375
5.78692493946731,168.315625
5.79903147699758,168.53125
5.81113801452785,168.815625
5.82324455205811,169.1
5.83535108958838,169.36875
5.84745762711865,169.646875
5.85956416464891,169.8625
5.87167070217918,170.103125
5.88377723970944,170.459375
5.89588377723971,170.646875
5.90799031476998,170.89375
5.92009685230024,171.071875
5.93220338983051,171.178125
5.94430992736078,171.278125
5.95641646489104,171.45625
5.96852300242131,171.609375
5.98062953995158,171.640625
5.99273607748184,171.66875
6.00484261501211,171.56875
6.01694915254237,171.396875
6.02905569007264,171.14375
6.04116222760291,170.778125
6.05326876513317,170.35
6.06537530266344,169.85625
6.07748184019371,169.303125
6.08958837772397,168.85
6.10169491525424,168.290625
6.11380145278451,167.740625
6.12590799031477,167.296875
6.13801452784504,166.990625
6.1501210653753,166.7125
6.16222760290557,166.56875
6.17433414043584,166.59375
6.1864406779661,166.671875
6.19854721549637,166.896875
6.21065375302664,167.140625
6.2227602905569,167.325
6.23486682808717,167.528125
6.24697336561743,167.765625
6.2590799031477,167.90625
6.27118644067797,168.046875
6.28329297820823,168.253125
6.2953995157385,168.565625
6.30750605326877,168.915625
6.31961259079903,169.2125
6.3317191283293,169.546875
6.34382566585957,169.80625
6.35593220338983,169.921875
6.3680387409201,169.93125
6.38014527845036,169.834375
6.39225181598063,169.7
6.4043583535109,169.56875
6.41646489104116,169.465625
6.42857142857143,169.365625
6.4406779661017,169.28125
6.45278450363196,169.29375
6.46489104116223,169.20625
6.4769975786925,169.03125
6.48910411622276,168.7
6.50121065375303,168.21875
6.51331719128329,167.753125
6.52542372881356,167.275
6.53753026634383,166.853125
6.54963680387409,166.565625
6.56174334140436,166.434375
6.57384987893463,166.425
6.58595641646489,166.51875
6.59806295399516,166.640625
6.61016949152543,166.66875
6.62227602905569,166.471875
6.63438256658596,166.221875
6.64648910411622,165.89375
6.65859564164649,165.61875
6.67070217917676,165.3125
6.68280871670702,165.134375
6.69491525423729,165.034375
6.70702179176756,165.05
6.71912832929782,165.04375
6.73123486682809,165.109375
6.74334140435835,165.11875
6.75544794188862,165.009375
6.76755447941889,164.953125
6.77966101694915,164.8
6.79176755447942,164.796875
6.80387409200969,164.84375
6.81598062953995,165.025
6.82808716707022,165.128125
6.84019370460049,165.190625
6.85230024213075,165.234375
6.86440677966102,165.08125
6.87651331719128,164.884375
6.88861985472155,164.553125
6.90072639225182,164.153125
6.91283292978208,163.665625
6.92493946731235,163.134375
6.93704600484262,162.625
6.94915254237288,162.246875
6.96125907990315,161.965625
6.97336561743342,161.715625
6.98547215496368,161.546875
6.99757869249395,161.56875
7.00968523002422,161.64375
7.02179176755448,161.79375
7.03389830508475,161.934375
7.04600484261501,162.228125
7.05811138014528,162.428125
7.07021791767555,162.64375
7.08232445520581,162.875
7.09443099273608,163.053125
7.10653753026635,163.171875
7.11864406779661,163.259375
7.13075060532688,163.2125
7.14285714285715,163.271875
7.15496368038741,163.14375
7.16707021791768,163.0375
7.17917675544794,162.825
7.19128329297821,162.71875
7.20338983050848,162.634375
7.21549636803874,162.54375
7.22760290556901,162.66875
7.23970944309928,162.678125
7.25181598062954,162.759375
7.26392251815981,162.83125
7.27602905569007,162.775
7.28813559322034,162.7125
7.30024213075061,162.609375
7.31234866828087,162.46875
7.32445520581114,162.259375
7.33656174334141,162.2375
7.34866828087167,162.215625
7.36077481840194,162.353125
7.37288135593221,162.478125
7.38498789346247,162.64375
7.39709443099274,162.840625
7.409200968523,162.871875
7.42130750605327,162.84375
7.43341404358354,162.6375
7.4455205811138,162.425
7.45762711864407,162.021875
7.46973365617434,161.615625
7.4818401937046,161.30625
7.49394673123487,161.03125
7.50605326876514,160.890625
7.5181598062954,160.74375
7.53026634382567,160.765625
7.54237288135593,160.778125
7.5544794188862,160.840625
7.56658595641647,160.8375
7.57869249394673,160.884375
7.590799031477,160.8875
7.60290556900727,160.909375
7.61501210653753,160.94375
7.6271186440678,161.1125
7.63922518159807,161.2
7.65133171912833,161.396875
7.6634382566586,161.6375
7.67554479418886,161.84375
7.68765133171913,162.028125
7.6997578692494,162.1375
7.71186440677966,162.23125
7.72397094430993,162.225
7.7360774818402,162.3375
7.74818401937046,162.446875
7.76029055690073,162.675
7.77239709443099,162.909375
7.78450363196126,163.209375
7.79661016949153,163.509375
7.80871670702179,163.828125
7.82082324455206,164.184375
7.83292978208233,164.390625
7.84503631961259,164.4875
7.85714285714286,164.490625
7.86924939467313,164.4
7.88135593220339,164.225
7.89346246973366,163.984375
7.90556900726392,163.8625
7.91767554479419,163.5875
7.92978208232446,163.459375
7.94188861985472,163.353125
7.95399515738499,163.4125
7.96610169491526,163.465625
7.97820823244552,163.575
7.99031476997579,163.721875
8.00242130750605,163.8375
8.01452784503632,163.959375
8.02663438256659,164.05625
8.03874092009685,164.14375
8.05084745762712,164.16875
8.06295399515739,164.1625
8.07506053268765,164.034375
8.08716707021792,164.040625
8.09927360774819,164.0625
8.11138014527845,164.075
8.12348668280872,164.15625
8.13559322033898,164.284375
8.14769975786925,164.525
8.15980629539952,164.675
8.17191283292978,164.66875
8.18401937046005,164.665625
8.19612590799032,164.553125
8.20823244552058,164.165625
8.22033898305085,163.925
8.23244552058112,163.565625
8.24455205811138,163.3
8.25665859564165,163.11875
8.26876513317191,163.034375
8.28087167070218,163.021875
8.29297820823245,162.93125
8.30508474576271,162.9125
8.31719128329298,162.884375
8.32929782082325,162.71875
8.34140435835351,162.546875
8.35351089588378,162.634375
8.36561743341405,162.434375
8.37772397094431,162.209375
8.38983050847458,161.934375
8.40193704600484,161.659375
8.41404358353511,161.4375
8.42615012106538,161.159375
8.43825665859564,160.825
8.45036319612591,160.41875
8.46246973365618,160.06875
8.47457627118644,159.709375
8.48668280871671,159.490625
8.49878934624697,159.309375
8.51089588377724,159.246875
8.52300242130751,159.3125
8.53510895883777,159.39375
8.54721549636804,159.43125
8.55932203389831,159.621875
8.57142857142857,159.89375
8.58353510895884,160.0875
8.59564164648911,160.3125
8.60774818401937,160.39375
8.61985472154964,160.59375
8.6319612590799,160.775
8.64406779661017,160.846875
8.65617433414044,160.846875
8.6682808716707,160.89375
8.68038740920097,160.975
8.69249394673124,161.075
8.7046004842615,161.3125
8.71670702179177,161.478125
8.72881355932204,161.734375
8.7409200968523,161.959375
8.75302663438257,162.13125
8.76513317191283,162.278125
8.7772397094431,162.3625
8.78934624697337,162.340625
8.80145278450363,162.390625
8.8135593220339,162.475
8.82566585956417,162.571875
8.83777239709443,162.6875
8.8498789346247,162.903125
8.86198547215497,163.065625
8.87409200968523,163.26875
8.8861985472155,163.309375
8.89830508474576,163.346875
8.91041162227603,163.346875
8.9225181598063,163.2
8.93462469733656,162.99375
8.94673123486683,162.9125
8.9588377723971,162.7625
8.97094430992736,162.609375
8.98305084745763,162.571875
8.99515738498789,162.5
9.00726392251816,162.415625
9.01937046004843,162.309375
9.03147699757869,162.134375
9.04358353510896,161.990625
9.05569007263923,161.834375
9.06779661016949,161.721875
9.07990314769976,161.728125
9.09200968523003,161.80625
9.10411622276029,161.9
9.11622276029056,162.0375
9.12832929782082,162.165625
9.14043583535109,162.25
9.15254237288136,162.290625
9.16464891041162,162.346875
9.17675544794189,162.41875
9.18886198547216,162.4375
9.20096852300242,162.48125
9.21307506053269,162.6125
9.22518159806296,162.7
9.23728813559322,162.771875
9.24939467312349,162.88125
9.26150121065375,163.1
9.27360774818402,163.18125
9.28571428571429,163.353125
9.29782082324455,163.4625
9.30992736077482,163.696875
9.32203389830509,164.021875
9.33414043583535,164.346875
9.34624697336562,164.678125
9.35835351089589,165.009375
9.37046004842615,165.25625
9.38256658595642,165.5375
9.39467312348668,165.690625
9.40677966101695,165.73125
9.41888619854722,165.5625
9.43099273607748,165.303125
9.44309927360775,165.140625
9.45520581113802,165.00625
9.46731234866828,164.85625
9.47941888619855,164.603125
9.49152542372882,164.528125
9.50363196125908,164.425
9.51573849878935,164.365625
9.52784503631962,164.278125
9.53995157384988,164.05625
9.55205811138015,163.821875
9.56416464891041,163.559375
9.57627118644068,163.40625
9.58837772397095,163.2625
9.60048426150121,163.1125
9.61259079903148,163.140625
9.62469733656175,163.265625
9.63680387409201,163.521875
9.64891041162228,163.703125
9.66101694915255,163.959375
9.67312348668281,164.196875
9.68523002421308,164.440625
9.69733656174334,164.621875
9.70944309927361,164.85
9.72154963680388,165.021875
9.73365617433414,165.134375
9.74576271186441,165.365625
9.75786924939468,165.50625
9.76997578692494,165.678125
9.78208232445521,165.759375
9.79418886198548,165.909375
9.80629539951574,166.034375
9.81840193704601,166.165625
9.83050847457627,166.228125
9.84261501210654,166.403125
9.85472154963681,166.521875
9.86682808716707,166.665625
9.87893462469734,166.725
9.89104116222761,166.7625
9.90314769975787,166.859375
9.91525423728814,166.8625
9.92736077481841,166.79375
9.93946731234867,166.7875
9.95157384987894,166.759375
9.9636803874092,166.734375
9.97578692493947,166.784375
9.98789346246974,166.7375
10,166.725
10.0121065375303,166.646875
10.0242130750605,166.571875
10.0363196125908,166.521875
10.0484261501211,166.36875
10.0605326876513,166.215625
10.0726392251816,166.15625
10.0847457627119,166.0125
10.0968523002421,165.865625
10.1089588377724,165.740625
10.1210653753027,165.59375
10.1331719128329,165.475
10.1452784503632,165.384375
10.1573849878935,165.296875
10.1694915254237,165.309375
10.181598062954,165.30625
10.1937046004843,165.34375
10.2058111380145,165.459375
10.2179176755448,165.7125
10.2300242130751,165.9
10.2421307506053,166.165625
10.2542372881356,166.4125
10.2663438256659,166.665625
10.2784503631961,166.915625
10.2905569007264,167.115625
10.3026634382567,167.303125
10.3147699757869,167.503125
10.3268765133172,167.734375
10.3389830508475,167.89375
10.3510895883777,168.165625
10.363196125908,168.33125
10.3753026634383,168.534375
10.3874092009685,168.778125
10.3995157384988,168.984375
10.4116222760291,169.10625
10.4237288135593,169.24375
10.4358353510896,169.321875
10.4479418886199,169.40625
10.4600484261501,169.384375
10.4721549636804,169.3875
10.4842615012107,169.384375
10.4963680387409,169.38125
10.5084745762712,169.403125
10.5205811138015,169.353125
10.5326876513317,169.446875
10.544794188862,169.3375
10.5569007263923,169.228125
10.5690072639225,169.15625
10.5811138014528,169.0375
10.5932203389831,168.896875
10.6053268765133,168.815625
10.6174334140436,168.765625
10.6295399515739,168.73125
10.6416464891041,168.759375
10.6537530266344,168.865625
10.6658595641647,168.940625
10.6779661016949,168.91875
10.6900726392252,168.871875
10.7021791767555,168.8875
10.7142857142857,168.88125
10.726392251816,168.965625
10.7384987893462,169.0375
10.7506053268765,169.18125
10.7627118644068,169.378125
10.774818401937,169.503125
10.7869249394673,169.609375
10.7990314769976,169.7
10.8111380145278,169.671875
10.8232445520581,169.578125
10.8353510895884,169.4625
10.8474576271186,169.328125
10.8595641646489,169.228125
10.8716707021792,169.1625
10.8837772397094,169.1875
10.8958837772397,169.35625
10.90799031477,169.51875
10.9200968523002,169.740625
10.9322033898305,169.875
10.9443099273608,170.06875
10.956416464891,170.259375
10.9685230024213,170.415625
10.9806295399516,170.5125
10.9927360774818,170.59375
11.0048426150121,170.765625
11.0169491525424,170.809375
11.0290556900726,171.046875
11.0411622276029,171.325
11.0532687651332,171.59375
11.0653753026634,171.871875
11.0774818401937,172.096875
11.089588377724,172.265625
11.1016949152542,172.378125
11.1138014527845,172.34375
11.1259079903148,172.18125
11.138014527845,171.91875
11.1501210653753,171.5625
11.1622276029056,171.1875
11.1743341404358,170.878125
11.1864406779661,170.59375
11.1985472154964,170.265625
11.2106537530266,170.16875
11.2227602905569,170.059375
11.2348668280872,169.934375
11.2469733656174,169.796875
11.2590799031477,169.725
11.271186440678,169.671875
11.2832929782082,169.721875
11.2953995157385,169.740625
11.3075060532688,169.903125
11.319612590799,170.0125
11.3317191283293,170.19375
11.3438256658596,170.4125
11.3559322033898,170.5875
11.3680387409201,170.71875
11.3801452784504,170.896875
11.3922518159806,171.090625
11.4043583535109,171.14375
11.4164648910412,171.246875
11.4285714285714,171.2875
11.4406779661017,171.325
11.452784503632,171.34375
11.4648910411622,171.3375
11.4769975786925,171.321875
11.4891041162228,171.33125
11.501210653753,171.421875
11.5133171912833,171.43125
11.5254237288136,171.503125
11.5375302663438,171.509375
11.5496368038741,171.43125
11.5617433414044,171.359375
11.5738498789346,171.21875
11.5859564164649,171.06875
11.5980629539952,170.921875
11.6101694915254,170.759375
11.6222760290557,170.525
11.634382566586,170.346875
11.6464891041162,170.16875
11.6585956416465,169.9
11.6707021791768,169.55625
11.682808716707,169.2
11.6949152542373,168.875
11.7070217917676,168.39375
11.7191283292978,167.934375
11.7312348668281,167.46875
11.7433414043584,167.01875
11.7554479418886,166.58125
11.7675544794189,166.278125
11.7796610169492,165.978125
11.7917675544794,165.846875
11.8038740920097,165.7
11.81598062954,165.790625
11.8280871670702,165.946875
11.8401937046005,166.15
11.8523002421308,166.434375
11.864406779661,166.75
11.8765133171913,167.115625
11.8886198547216,167.396875
11.9007263922518,167.621875
11.9128329297821,167.9125
11.9249394673124,168.15625
11.9370460048426,168.31875
11.9491525423729,168.428125
11.9612590799032,168.571875
11.9733656174334,168.75625
11.9854721549637,168.759375
11.9975786924939,168.8
12.0096852300242,168.778125
12.0217917675545,168.771875
12.0338983050847,168.684375
12.046004842615,168.625
12.0581113801453,168.553125
12.0702179176755,168.484375
12.0823244552058,168.528125
12.0944309927361,168.4875
12.1065375302663,168.525
12.1186440677966,168.584375
12.1307506053269,168.678125
12.1428571428571,168.7625
12.1549636803874,168.846875
12.1670702179177,168.975
12.1791767554479,169.128125
12.1912832929782,169.215625
12.2033898305085,169.309375
12.2154963680387,169.365625
12.227602905569,169.475
12.2397094430993,169.51875
12.2518159806295,169.46875
12.2639225181598,169.50625
12.2760290556901,169.509375
12.2881355932203,169.575
12.3002421307506,169.66875
12.3123486682809,169.875
12.3244552058111,170.040625
12.3365617433414,170.2625
12.3486682808717,170.471875
12.3607748184019,170.69375
12.3728813559322,170.94375
12.3849878934625,171.05
12.3970944309927,171.234375
12.409200968523,171.48125
12.4213075060533,171.690625
12.4334140435835,171.971875
12.4455205811138,172.284375
12.4576271186441,172.565625
12.4697336561743,172.80625
12.4818401937046,173.0125
12.4939467312349,173.19375
12.5060532687651,173.33125
12.5181598062954,173.425
12.5302663438257,173.4625
12.5423728813559,173.484375
12.5544794188862,173.671875
12.5665859564165,173.775
12.5786924939467,174.05625
12.590799031477,174.209375
12.6029055690073,174.359375
12.6150121065375,174.44375
12.6271186440678,174.521875
12.6392251815981,174.46875
12.6513317191283,174.45625
12.6634382566586,174.3625
12.6755447941889,174.26875
12.6876513317191,174.378125
12.6997578692494,174.415625
12.7118644067797,174.578125
12.7239709443099,174.728125
12.7360774818402,174.8125
12.7481840193705,174.86875
12.7602905569007,174.909375
12.772397094431,174.7125
12.7845036319613,174.490625
12.7966101694915,174.20625
12.8087167070218,173.875
12.8208232445521,173.45
12.8329297820823,173.159375
12.8450363196126,172.76875
12.8571428571429,172.575
12.8692493946731,172.3625
12.8813559322034,172.290625
12.8934624697337,172.359375
12.9055690072639,172.43125
12.9176755447942,172.5625
12.9297820823245,172.8375
12.9418886198547,173.084375
12.953995157385,173.4375
12.9661016949153,173.6625
12.9782082324455,174.05
12.9903147699758,174.353125
13.0024213075061,174.625
13.0145278450363,174.884375
13.0266343825666,175.071875
13.0387409200969,175.3375
13.0508474576271,175.4875
13.0629539951574,175.703125
13.0750605326877,175.8625
13.0871670702179,176.06875
13.0992736077482,176.309375
13.1113801452785,176.565625
13.1234866828087,176.5625
13.135593220339,176.8125
13.1476997578693,177.0625
13.1598062953995,177.225
13.1719128329298,177.415625
13.1840193704601,177.6375
13.1961259079903,177.734375
13.2082324455206,177.715625
13.2203389830509,177.6625
13.2324455205811,177.5625
13.2445520581114,177.41875
13.2566585956416,177.259375
13.2687651331719,176.971875
13.2808716707022,176.653125
13.2929782082324,176.425
13.3050847457627,176.253125
13.317191283293,176.190625
13.3292978208232,176.009375
13.3414043583535,175.925
13.3535108958838,175.75
13.365617433414,175.6875
13.3777239709443,175.55
13.3898305084746,175.40625
13.4019370460048,175.271875
13.4140435835351,175.109375
13.4261501210654,175.065625
13.4382566585956,175.03125
13.4503631961259,175.090625
13.4624697336562,175.2625
13.4745762711864,175.39375
13.4866828087167,175.4875
13.498789346247,175.540625
13.5108958837772,175.575
13.5230024213075,175.459375
13.5351089588378,175.409375
13.547215496368,175.14375
13.5593220338983,174.965625
13.5714285714286,174.8
13.5835351089588,174.6875
13.5956416464891,174.559375
13.6077481840194,174.40625
13.6198547215496,174.328125
13.6319612590799,174.153125
13.6440677966102,173.98125
13.6561743341404,173.615625
13.6682808716707,173.3375
13.680387409201,172.953125
13.6924939467312,172.603125
13.7046004842615,172.15625
13.7167070217918,171.79375
13.728813559322,171.46875
13.7409200968523,171.1
13.7530266343826,170.78125
13.7651331719128,170.36875
13.7772397094431,169.93125
13.7893462469734,169.503125
13.8014527845036,169.13125
13.8135593220339,168.640625
13.8256658595642,168.309375
13.8377723970944,167.971875
13.8498789346247,167.69375
13.861985472155,167.465625
13.8740920096852,167.334375
13.8861985472155,167.278125
13.8983050847458,167.30625
13.910411622276,167.290625
13.9225181598063,167.284375
13.9346246973366,167.115625
13.9467312348668,167.03125
13.9588377723971,166.853125
13.9709443099274,166.546875
13.9830508474576,166.26875
13.9951573849879,166.04375
14.0072639225182,165.90625
14.0193704600484,165.921875
14.0314769975787,165.9625
14.043583535109,166.165625
14.0556900726392,166.284375
14.0677966101695,166.403125
14.0799031476998,166.453125
14.09200968523,166.475
14.1041162227603,166.36875
14.1162227602906,166.35625
14.1283292978208,166.196875
14.1404358353511,166.309375
14.1525423728814,166.434375
14.1646489104116,166.6
14.1767554479419,166.728125
14.1888619854722,166.865625
14.2009685230024,167.128125
14.2130750605327,167.171875
14.225181598063,167.146875
14.2372881355932,167.03125
14.2493946731235,166.809375
14.2615012106538,166.63125
14.273607748184,166.425
14.2857142857143,166.175
14.2978208232446,165.853125
14.3099273607748,165.675
14.3220338983051,165.4625
14.3341404358354,165.39375
14.3462469733656,165.365625
14.3583535108959,165.471875
14.3704600484262,165.665625
14.3825665859564,165.840625
14.3946731234867,166.028125
14.406779661017,166.253125
14.4188861985472,166.328125
14.4309927360775,166.39375
14.4430992736078,166.38125
14.455205811138,166.3125
14.4673123486683,166.28125
14.4794188861986,166.3875
14.4915254237288,166.584375
14.5036319612591,166.81875
14.5157384987894,167.1875
14.5278450363196,167.634375
14.5399515738499,168.125
14.5520581113801,168.596875
14.5641646489104,168.9625
14.5762711864407,169.29375
14.5883777239709,169.559375
14.6004842615012,169.734375
14.6125907990315,169.85
14.6246973365617,169.940625
14.636803874092,170.121875
14.6489104116223,170.30625
14.6610169491525,170.53125
14.6731234866828,170.696875
14.6852300242131,171.015625
14.6973365617433,171.225
14.7094430992736,171.5
14.7215496368039,171.69375
14.7336561743341,171.9375
14.7457627118644,172.140625
14.7578692493947,172.275
14.7699757869249,172.44375
14.7820823244552,172.65625
14.7941888619855,172.740625
14.8062953995157,172.96875
14.818401937046,172.9875
14.8305084745763,173.103125
14.8426150121065,173.128125
14.8547215496368,173.065625
14.8668280871671,172.959375
14.8789346246973,172.88125
14.8910411622276,172.6625
14.9031476997579,172.646875
14.9152542372881,172.56875
14.9273607748184,172.65
14.9394673123487,172.75
14.9515738498789,172.89375
14.9636803874092,173.128125
14.9757869249395,173.321875
14.9878934624697,173.5375
15,173.575
15.0121065375303,173.565625
15.0242130750605,173.56875
15.0363196125908,173.478125
15.0484261501211,173.365625
15.0605326876513,173.384375
15.0726392251816,173.50625
15.0847457627119,173.653125
15.0968523002421,173.953125
15.1089588377724,174.26875
15.1210653753027,174.625
15.1331719128329,174.98125
15.1452784503632,175.2875
15.1573849878935,175.528125
15.1694915254237,175.76875
15.181598062954,175.934375
15.1937046004843,175.965625
15.2058111380145,175.95
15.2179176755448,175.95625
15.2300242130751,175.928125
15.2421307506053,175.846875
15.2542372881356,175.76875
15.2663438256659,175.78125
15.2784503631961,175.58125
15.2905569007264,175.528125
15.3026634382567,175.225
15.3147699757869,175.09375
15.3268765133172,174.978125
15.3389830508475,174.665625
15.3510895883777,174.3375
15.363196125908,174.05
15.3753026634383,173.634375
15.3874092009685,173.246875
15.3995157384988,172.83125
15.4116222760291,172.471875
15.4237288135593,172.14375
15.4358353510896,171.946875
15.4479418886199,171.85
15.4600484261501,171.815625
15.4721549636804,171.725
15.4842615012107,171.7375
15.4963680387409,171.640625
15.5084745762712,171.578125
15.5205811138015,171.34375
15.5326876513317,171.0125
15.544794188862,170.5875
15.5569007263923,170.146875
15.5690072639225,169.759375
15.5811138014528,169.3625
15.5932203389831,169.053125
15.6053268765133,168.90625
15.6174334140436,168.865625
15.6295399515739,168.8625
15.6416464891041,168.884375
15.6537530266344,168.8625
15.6658595641647,168.85
15.6779661016949,168.775
15.6900726392252,168.753125
15.7021791767555,168.63125
15.7142857142857,168.571875
15.726392251816,168.7375
15.7384987893463,168.984375
15.7506053268765,169.15
15.7627118644068,169.60625
15.7748184019371,169.925
15.7869249394673,170.225
15.7990314769976,170.4625
15.8111380145278,170.634375
15.8232445520581,170.671875
15.8353510895884,170.721875
15.8474576271186,170.74375
15.8595641646489,170.74375
15.8716707021792,170.81875
15.8837772397094,171.028125
15.8958837772397,171.275
15.90799031477,171.5375
15.9200968523002,171.915625
15.9322033898305,172.28125
15.9443099273608,172.475
15.956416464891,172.721875
15.9685230024213,172.8625
15.9806295399516,172.84375
15.9927360774818,172.6625
16.0048426150121,172.3625
16.0169491525424,171.98125
16.0290556900726,171.575
16.0411622276029,171.146875
16.0532687651332,170.73125
16.0653753026634,170.425
16.0774818401937,170.125
16.089588377724,170.021875
16.1016949152542,170.0125
16.1138014527845,170.090625
16.1259079903148,170.221875
16.138014527845,170.35625
16.1501210653753,170.515625
16.1622276029056,170.59375
16.1743341404358,170.64375
16.1864406779661,170.75
16.1985472154964,170.809375
16.2106537530266,170.91875
16.2227602905569,171.103125
16.2348668280872,171.315625
16.2469733656174,171.540625
16.2590799031477,171.85
16.271186440678,172.159375
16.2832929782082,172.378125
16.2953995157385,172.5
16.3075060532688,172.403125
16.319612590799,172.134375
16.3317191283293,171.88125
16.3438256658596,171.53125
16.3559322033898,171.225
16.3680387409201,170.93125
16.3801452784504,170.884375
16.3922518159806,170.978125
16.4043583535109,171.165625
16.4164648910412,171.371875
16.4285714285714,171.5875
16.4406779661017,171.775
16.452784503632,171.85
16.4648910411622,171.7375
16.4769975786925,171.475
16.4891041162228,171.1875
16.501210653753,170.91875
16.5133171912833,170.675
16.5254237288136,170.390625
16.5375302663438,170.346875
16.5496368038741,170.340625
16.5617433414044,170.59375
16.5738498789346,170.825
16.5859564164649,171.084375
16.5980629539952,171.403125
16.6101694915254,171.721875
16.6222760290557,171.88125
16.634382566586,171.996875
16.6464891041162,172.05
16.6585956416465,172.121875
16.6707021791768,172.24375
16.682808716707,172.240625
16.6949152542373,172.31875
