"Date: 11/19/2019 11:00:08 AM"
0
#TRUE#,#FALSE#,#FALSE#
#TRUE#
72.8002746582031,73,72.800343849746
"E:\Scan 1\PSTR9_Coral_1_4_1.bmp"
""
129,553,1630,581,1635,288,134,260
1502
0,168.401360544218
.013736198857301,169.340136054422
.027472397714602,170.227891156463
.041208596571903,170.904761904762
.054944795429204,171.438775510204
.068680994286505,172
.082417193143806,172.408163265306
.096153392001107,172.724489795918
.109889590858408,172.880952380952
.123625789715709,172.996598639456
.13736198857301,173.180272108844
.151098187430311,173.214285714286
.164834386287612,173.285714285714
.178570585144913,173.295918367347
.192306784002214,173.244897959184
.206042982859515,173.08843537415
.219779181716816,172.93537414966
.233515380574117,172.802721088435
.247251579431418,172.602040816327
.260987778288719,172.510204081633
.27472397714602,172.554421768707
.288460176003321,172.642857142857
.302196374860622,172.772108843537
.315932573717923,172.840136054422
.329668772575224,172.925170068027
.343404971432525,172.884353741497
.357141170289826,172.676870748299
.370877369147127,172.312925170068
.384613568004428,172.176870748299
.398349766861729,172.108843537415
.41208596571903,172.037414965986
.425822164576331,172.12925170068
.439558363433632,172.496598639456
.453294562290933,172.908163265306
.467030761148234,173.425170068027
.480766960005535,173.843537414966
.494503158862836,174.21768707483
.508239357720137,174.768707482993
.521975556577438,175.146258503401
.535711755434739,175.574829931973
.54944795429204,175.928571428571
.563184153149341,176.428571428571
.576920352006642,176.823129251701
.590656550863943,177.12925170068
.604392749721244,177.472789115646
.618128948578545,177.574829931973
.631865147435846,177.642857142857
.645601346293147,177.581632653061
.659337545150448,177.428571428571
.673073744007749,177.278911564626
.68680994286505,177.15306122449
.700546141722351,177.020408163265
.714282340579652,177.071428571429
.728018539436953,177.06462585034
.741754738294254,177.299319727891
.755490937151555,177.384353741497
.769227136008856,177.602040816327
.782963334866157,177.938775510204
.796699533723458,178.136054421769
.810435732580759,178.363945578231
.82417193143806,178.58843537415
.837908130295361,178.765306122449
.851644329152662,178.795918367347
.865380528009963,178.836734693878
.879116726867264,178.78231292517
.892852925724565,178.775510204082
.906589124581866,178.792517006803
.920325323439167,178.751700680272
.934061522296468,178.741496598639
.947797721153768,178.663265306122
.96153392001107,178.659863945578
.975270118868371,178.530612244898
.989006317725671,178.34693877551
1.00274251658297,178.06462585034
1.01647871544027,177.840136054422
1.03021491429757,177.639455782313
1.04395111315488,177.425170068027
1.05768731201218,177.251700680272
1.07142351086948,177.068027210884
1.08515970972678,177.003401360544
1.09889590858408,176.959183673469
1.11263210744138,176.571428571429
1.12636830629868,176.34693877551
1.14010450515598,176.187074829932
1.15384070401328,175.925170068027
1.16757690287058,175.687074829932
1.18131310172789,175.632653061224
1.19504930058519,175.615646258503
1.20878549944249,175.792517006803
1.22252169829979,175.962585034014
1.23625789715709,176.309523809524
1.24999409601439,176.687074829932
1.26373029487169,177.071428571429
1.27746649372899,177.421768707483
1.29120269258629,177.795918367347
1.30493889144359,178.312925170068
1.3186750903009,178.697278911565
1.3324112891582,179.122448979592
1.3461474880155,179.503401360544
1.3598836868728,179.65306122449
1.3736198857301,179.738095238095
1.3873560845874,179.605442176871
1.4010922834447,179.350340136054
1.414828482302,178.928571428571
1.4285646811593,178.489795918367
1.4423008800166,178.006802721088
1.45603707887391,177.544217687075
1.46977327773121,177.078231292517
1.48350947658851,176.714285714286
1.49724567544581,176.272108843537
1.51098187430311,175.877551020408
1.52471807316041,175.353741496599
1.53845427201771,175.006802721088
1.55219047087501,174.636054421769
1.56592666973231,174.255102040816
1.57966286858961,174.095238095238
1.59339906744692,174
1.60713526630422,174.170068027211
1.62087146516152,174.404761904762
1.63460766401882,174.795918367347
1.64834386287612,175.30612244898
1.66208006173342,175.857142857143
1.67581626059072,176.384353741497
1.68955245944802,176.670068027211
1.70328865830532,176.948979591837
1.71702485716262,177.115646258503
1.73076105601993,177.020408163265
1.74449725487723,176.891156462585
1.75823345373453,176.547619047619
1.77196965259183,176.149659863946
1.78570585144913,175.670068027211
1.79944205030643,175.057823129252
1.81317824916373,174.425170068027
1.82691444802103,173.802721088435
1.84065064687833,173.142857142857
1.85438684573563,172.452380952381
1.86812304459294,171.84693877551
1.88185924345024,171.272108843537
1.89559544230754,170.741496598639
1.90933164116484,170.377551020408
1.92306784002214,170.051020408163
1.93680403887944,169.69387755102
1.95054023773674,169.612244897959
1.96427643659404,169.731292517007
1.97801263545134,169.908163265306
1.99174883430864,170.197278911565
2.00548503316594,170.615646258503
2.01922123202325,171.316326530612
2.03295743088055,171.887755102041
2.04669362973785,172.602040816327
2.06042982859515,173.333333333333
2.07416602745245,174.08843537415
2.08790222630975,174.741496598639
2.10163842516705,175.183673469388
2.11537462402435,175.673469387755
2.12911082288165,175.959183673469
2.14284702173895,176.06462585034
2.15658322059626,176.078231292517
2.17031941945356,175.734693877551
2.18405561831086,175.37074829932
2.19779181716816,174.761904761905
2.21152801602546,174.02380952381
2.22526421488276,173.098639455782
2.23900041374006,172.204081632653
2.25273661259736,171.363945578231
2.26647281145466,170.625850340136
2.28020901031196,169.925170068027
2.29394520916927,169.554421768707
2.30768140802657,169.295918367347
2.32141760688387,169.136054421769
2.33515380574117,169.142857142857
2.34889000459847,169.384353741497
2.36262620345577,169.816326530612
2.37636240231307,170.299319727891
2.39009860117037,171.027210884354
2.40383480002767,171.850340136054
2.41757099888497,172.585034013605
2.43130719774228,173.350340136054
2.44504339659958,173.989795918367
2.45877959545688,174.465986394558
2.47251579431418,174.765306122449
2.48625199317148,174.918367346939
2.49998819202878,175.040816326531
2.51372439088608,175.081632653061
2.52746058974338,175.034013605442
2.54119678860068,175.017006802721
2.55493298745798,175.030612244898
2.56866918631529,175.030612244898
2.58240538517259,174.87074829932
2.59614158402989,174.853741496599
2.60987778288719,174.751700680272
2.62361398174449,174.581632653061
2.63735018060179,174.380952380952
2.65108637945909,174.329931972789
2.66482257831639,174.326530612245
2.67855877717369,174.482993197279
2.69229497603099,174.700680272109
2.7060311748883,174.972789115646
2.7197673737456,175.248299319728
2.7335035726029,175.517006802721
2.7472397714602,175.714285714286
2.7609759703175,175.80612244898
2.7747121691748,175.840136054422
2.7884483680321,176.034013605442
2.8021845668894,176.238095238095
2.8159207657467,176.683673469388
2.829656964604,177.231292517007
2.84339316346131,178.040816326531
2.85712936231861,178.765306122449
2.87086556117591,179.391156462585
2.88460176003321,179.887755102041
2.89833795889051,180.289115646258
2.91207415774781,180.295918367347
2.92581035660511,180.173469387755
2.93954655546241,179.945578231293
2.95328275431971,179.615646258503
2.96701895317701,179.068027210884
2.98075515203432,178.544217687075
2.99449135089162,178.010204081633
3.00822754974892,177.479591836735
3.02196374860622,176.755102040816
3.03569994746352,176.146258503401
3.04943614632082,175.568027210884
3.06317234517812,174.982993197279
3.07690854403542,174.465986394558
3.09064474289272,174.06462585034
3.10438094175002,173.751700680272
3.11811714060733,173.557823129252
3.13185333946463,173.547619047619
3.14558953832193,173.680272108844
3.15932573717923,173.874149659864
3.17306193603653,174.319727891156
3.18679813489383,174.795918367347
3.20053433375113,175.380952380952
3.21427053260843,175.860544217687
3.22800673146573,176.442176870748
3.24174293032303,176.778911564626
3.25547912918034,176.962585034014
3.26921532803764,177.180272108844
3.28295152689494,177.071428571429
3.29668772575224,176.942176870748
3.31042392460954,176.727891156463
3.32416012346684,176.472789115646
3.33789632232414,176.142857142857
3.35163252118144,175.646258503401
3.36536872003874,175.272108843537
3.37910491889604,174.727891156463
3.39284111775335,174.295918367347
3.40657731661065,173.809523809524
3.42031351546795,173.37074829932
3.43404971432525,173.085034013605
3.44778591318255,172.789115646258
3.46152211203985,172.632653061224
3.47525831089715,172.5
3.48899450975445,172.486394557823
3.50273070861175,172.506802721088
3.51646690746905,172.527210884354
3.53020310632636,172.656462585034
3.54393930518366,172.829931972789
3.55767550404096,173.037414965986
3.57141170289826,173.329931972789
3.58514790175556,173.612244897959
3.59888410061286,173.996598639456
3.61262029947016,174.452380952381
3.62635649832746,174.894557823129
3.64009269718476,175.397959183673
3.65382889604206,175.945578231293
3.66756509489937,176.333333333333
3.68130129375667,176.690476190476
3.69503749261397,176.901360544218
3.70877369147127,176.959183673469
3.72250989032857,176.829931972789
3.73624608918587,176.540816326531
3.74998228804317,176.210884353742
3.76371848690047,175.802721088435
3.77745468575777,175.404761904762
3.79119088461507,174.979591836735
3.80492708347238,174.721088435374
3.81866328232968,174.289115646258
3.83239948118698,174.013605442177
3.84613568004428,173.710884353742
3.85987187890158,173.394557823129
3.87360807775888,173.173469387755
3.88734427661618,173.013605442177
3.90108047547348,173.051020408163
3.91481667433078,173.115646258503
3.92855287318808,173.428571428571
3.94228907204538,173.833333333333
3.95602527090269,174.387755102041
3.96976146975999,175.074829931973
3.98349766861729,175.683673469388
3.99723386747459,176.380952380952
4.01097006633189,177.139455782313
4.02470626518919,177.816326530612
4.03844246404649,178.595238095238
4.05217866290379,179.197278911565
4.06591486176109,179.857142857143
4.07965106061839,180.425170068027
4.0933872594757,180.860544217687
4.107123458333,181.112244897959
4.1208596571903,181.115646258503
4.1345958560476,180.996598639456
4.1483320549049,180.785714285714
4.1620682537622,180.496598639456
4.1758044526195,180.132653061224
4.1895406514768,179.758503401361
4.2032768503341,179.659863945578
4.21701304919141,179.625850340136
4.23074924804871,179.676870748299
4.24448544690601,179.687074829932
4.25822164576331,179.758503401361
4.27195784462061,179.938775510204
4.28569404347791,179.989795918367
4.29943024233521,180.108843537415
4.31316644119251,180.173469387755
4.32690264004981,180.316326530612
4.34063883890711,180.622448979592
4.35437503776441,180.816326530612
4.36811123662172,181.272108843537
4.38184743547902,181.785714285714
4.39558363433632,182.404761904762
4.40931983319362,183.074829931973
4.42305603205092,183.748299319728
4.43679223090822,184.612244897959
4.45052842976552,185.326530612245
4.46426462862282,185.908163265306
4.47800082748012,186.340136054422
4.49173702633743,186.547619047619
4.50547322519473,186.568027210884
4.51920942405203,186.261904761905
4.53294562290933,185.802721088435
4.54668182176663,185.125850340136
4.56041802062393,184.459183673469
4.57415421948123,183.867346938776
4.58789041833853,183.176870748299
4.60162661719583,182.636054421769
4.61536281605313,182.224489795918
4.62909901491043,181.829931972789
4.64283521376774,181.625850340136
4.65657141262504,181.544217687075
4.67030761148234,181.578231292517
4.68404381033964,181.561224489796
4.69778000919694,181.721088435374
4.71151620805424,181.901360544218
4.72525240691154,182.08843537415
4.73898860576884,182.278911564626
4.75272480462614,182.510204081633
4.76646100348344,182.799319727891
4.78019720234075,183.085034013605
4.79393340119805,183.397959183673
4.80766960005535,183.47619047619
4.82140579891265,183.571428571429
4.83514199776995,183.554421768707
4.84887819662725,183.455782312925
4.86261439548455,183.34693877551
4.87635059434185,183.329931972789
4.89008679319915,183.210884353742
4.90382299205645,183.017006802721
4.91755919091376,182.721088435374
4.93129538977106,182.319727891156
4.94503158862836,181.823129251701
4.95876778748566,181.136054421769
4.97250398634296,180.551020408163
4.98624018520026,179.826530612245
4.99997638405756,179.207482993197
5.01371258291486,178.608843537415
5.02744878177216,178.149659863946
5.04118498062946,177.792517006803
5.05492117948677,177.428571428571
5.06865737834407,177.197278911565
5.08239357720137,177.061224489796
5.09612977605867,176.959183673469
5.10986597491597,176.891156462585
5.12360217377327,176.891156462585
5.13733837263057,176.918367346939
5.15107457148787,176.952380952381
5.16481077034517,177.013605442177
5.17854696920247,177.054421768707
5.19228316805978,177.136054421769
5.20601936691708,177.326530612245
5.21975556577438,177.605442176871
5.23349176463168,177.874149659864
5.24722796348898,178.295918367347
5.26096416234628,178.632653061224
5.27470036120358,178.908163265306
5.28843656006088,179.163265306122
5.30217275891818,179.374149659864
5.31590895777548,179.540816326531
5.32964515663279,179.625850340136
5.34338135549009,179.670068027211
5.35711755434739,179.697278911565
5.37085375320469,179.724489795918
5.38458995206199,179.602040816327
5.39832615091929,179.380952380952
5.41206234977659,179.12925170068
5.42579854863389,178.734693877551
5.43953474749119,178.292517006803
5.45327094634849,177.921768707483
5.4670071452058,177.598639455782
5.4807433440631,177.299319727891
5.4944795429204,177.12925170068
5.5082157417777,177.132653061224
5.521951940635,177.316326530612
5.5356881394923,177.479591836735
5.5494243383496,177.673469387755
5.5631605372069,177.962585034014
5.5768967360642,178.149659863946
5.5906329349215,178.238095238095
5.60436913377881,178.258503401361
5.61810533263611,178.200680272109
5.63184153149341,178.057823129252
5.64557773035071,178.027210884354
5.65931392920801,178.037414965986
5.67305012806531,178.034013605442
5.68678632692261,178.197278911565
5.70052252577991,178.357142857143
5.71425872463721,178.646258503401
5.72799492349451,178.93537414966
5.74173112235182,179.19387755102
5.75546732120912,179.459183673469
5.76920352006642,179.656462585034
5.78293971892372,179.812925170068
5.79667591778102,179.91156462585
5.81041211663832,179.918367346939
5.82414831549562,179.996598639456
5.83788451435292,179.884353741497
5.85162071321022,179.744897959184
5.86535691206752,179.544217687075
5.87909311092483,179.493197278912
5.89282930978213,179.360544217687
5.90656550863943,179.261904761905
5.92030170749673,179.204081632653
5.93403790635403,179.360544217687
5.94777410521133,179.527210884354
5.96151030406863,179.714285714286
5.97524650292593,179.880952380952
5.98898270178323,180.091836734694
6.00271890064053,180.132653061224
6.01645509949784,180.384353741497
6.03019129835514,180.401360544218
6.04392749721244,180.465986394558
6.05766369606974,180.608843537415
6.07139989492704,180.734693877551
6.08513609378434,180.816326530612
6.09887229264164,180.955782312925
6.11260849149894,181.12925170068
6.12634469035624,181.200680272109
6.14008088921354,181.336734693878
6.15381708807084,181.547619047619
6.16755328692815,181.812925170068
6.18128948578545,181.952380952381
6.19502568464275,182.170068027211
6.20876188350005,182.462585034014
6.22249808235735,182.765306122449
6.23623428121465,182.843537414966
6.24997048007195,182.884353741497
6.26370667892925,182.697278911565
6.27744287778655,182.506802721088
6.29117907664386,182.132653061224
6.30491527550116,181.704081632653
6.31865147435846,181.12925170068
6.33238767321576,180.520408163265
6.34612387207306,180.030612244898
6.35986007093036,179.530612244898
6.37359626978766,179.139455782313
6.38733246864496,178.863945578231
6.40106866750226,178.707482993197
6.41480486635956,178.591836734694
6.42854106521686,178.445578231293
6.44227726407417,178.265306122449
6.45601346293147,178.136054421769
6.46974966178877,177.982993197279
6.48348586064607,177.884353741497
6.49722205950337,177.959183673469
6.51095825836067,178.095238095238
6.52469445721797,178.268707482993
6.53843065607527,178.520408163265
6.55216685493257,178.571428571429
6.56590305378987,178.744897959184
6.57963925264718,178.80612244898
6.59337545150448,178.765306122449
6.60711165036178,178.863945578231
6.62084784921908,179.013605442177
6.63458404807638,179.272108843537
6.64832024693368,179.408163265306
6.66205644579098,179.639455782313
6.67579264464828,179.914965986395
6.68952884350558,180.047619047619
6.70326504236288,180.122448979592
6.71700124122019,180.044217687075
6.73073744007749,179.850340136054
6.74447363893479,179.612244897959
6.75820983779209,179.30612244898
6.77194603664939,178.952380952381
6.78568223550669,178.734693877551
6.79941843436399,178.482993197279
6.81315463322129,178.234693877551
6.82689083207859,178.08843537415
6.84062703093589,178.139455782313
6.8543632297932,178.170068027211
6.8680994286505,178.170068027211
6.8818356275078,178.309523809524
6.8955718263651,178.445578231293
6.9093080252224,178.496598639456
6.9230442240797,178.442176870748
6.936780422937,178.316326530612
6.9505166217943,178.156462585034
6.9642528206516,177.962585034014
6.9779890195089,177.959183673469
6.99172521836621,177.948979591837
7.00546141722351,177.942176870748
7.01919761608081,178.12925170068
7.03293381493811,178.343537414966
7.04667001379541,178.43537414966
7.06040621265271,178.425170068027
7.07414241151001,178.258503401361
7.08787861036731,177.925170068027
7.10161480922461,177.619047619048
7.11535100808191,177.394557823129
7.12908720693922,177.214285714286
7.14282340579652,177.125850340136
7.15655960465382,177.122448979592
7.17029580351112,177.08843537415
7.18403200236842,176.928571428571
7.19776820122572,176.619047619048
7.21150440008302,176.149659863946
7.22524059894032,175.493197278912
7.23897679779762,174.809523809524
7.25271299665492,174.159863945578
7.26644919551223,173.547619047619
7.28018539436953,173.085034013605
7.29392159322683,172.812925170068
7.30765779208413,172.673469387755
7.32139399094143,172.656462585034
7.33513018979873,172.622448979592
7.34886638865603,172.612244897959
7.36260258751333,172.62925170068
7.37633878637063,172.568027210884
7.39007498522793,172.493197278912
7.40381118408524,172.513605442177
7.41754738294254,172.448979591837
7.43128358179984,172.299319727891
7.44501978065714,172.136054421769
7.45875597951444,172.085034013605
7.47249217837174,172.017006802721
7.48622837722904,171.877551020408
7.49996457608634,171.918367346939
7.51370077494364,172.061224489796
7.52743697380094,172.234693877551
7.54117317265825,172.384353741497
7.55490937151555,172.52380952381
7.56864557037285,172.768707482993
7.58238176923015,172.778911564626
7.59611796808745,172.744897959184
7.60985416694475,172.544217687075
7.62359036580205,172.428571428571
7.63732656465935,172.210884353742
7.65106276351665,172.074829931973
7.66479896237395,171.812925170068
7.67853516123126,171.663265306122
7.69227136008856,171.418367346939
7.70600755894586,171.047619047619
7.71974375780316,170.632653061224
7.73347995666046,170.323129251701
7.74721615551776,170.027210884354
7.76095235437506,169.772108843537
7.77468855323236,169.482993197279
7.78842475208966,169.360544217687
7.80216095094696,169.58843537415
7.81589714980427,169.921768707483
7.82963334866157,170.326530612245
7.84336954751887,170.690476190476
7.85710574637617,170.972789115646
7.87084194523347,171.244897959184
7.88457814409077,171.34693877551
7.89831434294807,171.292517006803
7.91205054180537,171.28231292517
7.92578674066267,171.394557823129
7.93952293951997,171.557823129252
7.95325913837728,171.690476190476
7.96699533723458,171.921768707483
7.98073153609188,172.166666666667
7.99446773494918,172.391156462585
8.00820393380648,172.571428571429
8.02194013266378,172.683673469388
8.03567633152108,172.710884353742
8.04941253037838,172.761904761905
8.06314872923568,172.734693877551
8.07688492809298,172.527210884354
8.09062112695029,172.299319727891
8.10435732580759,172.091836734694
8.11809352466489,171.904761904762
8.13182972352219,171.741496598639
8.14556592237949,171.537414965986
8.15930212123679,171.377551020408
8.17303832009409,171.353741496599
8.18677451895139,171.272108843537
8.20051071780869,171.258503401361
8.21424691666599,171.353741496599
8.22798311552329,171.418367346939
8.2417193143806,171.544217687075
8.2554555132379,171.738095238095
8.2691917120952,171.952380952381
8.2829279109525,172.28231292517
8.2966641098098,172.397959183673
8.3104003086671,172.639455782313
8.3241365075244,172.829931972789
8.3378727063817,172.948979591837
8.351608905239,173.187074829932
8.3653451040963,173.357142857143
8.37908130295361,173.687074829932
8.39281750181091,173.812925170068
8.40655370066821,174.074829931973
8.42028989952551,174.115646258503
8.43402609838281,174.051020408163
8.44776229724011,174.037414965986
8.46149849609741,173.921768707483
8.47523469495471,174.054421768707
8.48897089381201,173.97619047619
8.50270709266931,173.959183673469
8.51644329152662,173.857142857143
8.53017949038392,173.69387755102
8.54391568924122,173.622448979592
8.55765188809852,173.316326530612
8.57138808695582,173.027210884354
8.58512428581312,172.751700680272
8.59886048467042,172.418367346939
8.61259668352772,172.312925170068
8.62633288238502,172.241496598639
8.64006908124233,172.316326530612
8.65380528009963,172.302721088435
8.66754147895693,172.363945578231
8.68127767781423,172.329931972789
8.69501387667153,172.183673469388
8.70875007552883,172.061224489796
8.72248627438613,171.84693877551
8.73622247324343,171.80612244898
8.74995867210073,171.928571428571
8.76369487095803,172.210884353742
8.77743106981533,172.673469387755
8.79116726867264,173.037414965986
8.80490346752994,173.568027210884
8.81863966638724,174.030612244898
8.83237586524454,174.180272108844
8.84611206410184,174.105442176871
8.85984826295914,173.979591836735
8.87358446181644,173.683673469388
8.88732066067374,173.367346938776
8.90105685953104,173.122448979592
8.91479305838834,172.921768707483
8.92852925724565,172.877551020408
8.94226545610295,172.812925170068
8.95600165496025,172.914965986395
8.96973785381755,172.887755102041
8.98347405267485,172.948979591837
8.99721025153215,172.908163265306
9.01094645038945,172.741496598639
9.02468264924675,172.540816326531
9.03841884810405,172.350340136054
9.05215504696135,172.054421768707
9.06589124581865,171.840136054422
9.07962744467596,171.670068027211
9.09336364353326,171.578231292517
9.10709984239056,171.469387755102
9.12083604124786,171.367346938776
9.13457224010516,171.401360544218
9.14830843896246,171.442176870748
9.16204463781976,171.43537414966
9.17578083667706,171.367346938776
9.18951703553437,171.401360544218
9.20325323439167,171.333333333333
9.21698943324897,171.503401360544
9.23072563210627,171.367346938776
9.24446183096357,171.333333333333
9.25819802982087,171.34693877551
9.27193422867817,171.418367346939
9.28567042753547,171.591836734694
9.29940662639277,171.741496598639
9.31314282525007,172.091836734694
9.32687902410737,172.469387755102
9.34061522296468,172.97619047619
9.35435142182198,173.408163265306
9.36808762067928,173.714285714286
9.38182381953658,173.850340136054
9.39556001839388,173.942176870748
9.40929621725118,173.877551020408
9.42303241610848,173.761904761905
9.43676861496578,173.670068027211
9.45050481382308,173.551020408163
9.46424101268038,173.5
9.47797721153769,173.547619047619
9.49171341039499,173.58843537415
9.50544960925229,173.445578231293
9.51918580810959,173.387755102041
9.53292200696689,173.30612244898
9.54665820582419,173.156462585034
9.56039440468149,173.02380952381
9.57413060353879,172.965986394558
9.58786680239609,173
9.60160300125339,173.142857142857
9.61533920011069,173.238095238095
9.629075398968,173.544217687075
9.6428115978253,173.71768707483
9.6565477966826,173.863945578231
9.6702839955399,174.020408163265
9.6840201943972,174.15306122449
9.6977563932545,174.265306122449
9.7114925921118,174.41156462585
9.7252287909691,174.605442176871
9.73896498982641,174.778911564626
9.75270118868371,175.091836734694
9.76643738754101,175.47619047619
9.78017358639831,176.047619047619
9.79390978525561,176.571428571429
9.80764598411291,177.19387755102
9.82138218297021,177.789115646258
9.83511838182751,178.431972789116
9.84885458068481,178.863945578231
9.86259077954211,179.227891156463
9.87632697839941,179.397959183673
9.89006317725672,179.221088435374
9.90379937611402,179.003401360544
9.91753557497132,178.697278911565
9.93127177382862,178.159863945578
9.94500797268592,177.670068027211
9.95874417154322,177.08843537415
9.97248037040052,176.670068027211
9.98621656925782,176.275510204082
9.99995276811512,175.942176870748
10.0136889669724,175.727891156463
10.0274251658297,175.639455782313
10.041161364687,175.578231292517
10.0548975635443,175.574829931973
10.0686337624016,175.619047619048
10.0823699612589,175.761904761905
10.0961061601162,175.884353741497
10.1098423589735,175.986394557823
10.1235785578308,176.091836734694
10.1373147566881,176.227891156463
10.1510509555454,176.374149659864
10.1647871544027,176.482993197279
10.17852335326,176.622448979592
10.1922595521173,176.673469387755
10.2059957509746,176.758503401361
10.2197319498319,176.880952380952
10.2334681486892,177.037414965986
10.2472043475465,177.309523809524
10.2609405464038,177.591836734694
10.2746767452611,177.836734693878
10.2884129441184,177.965986394558
10.3021491429757,178.258503401361
10.315885341833,178.414965986395
10.3296215406903,178.418367346939
10.3433577395476,178.231292517007
10.3570939384049,178.08843537415
10.3708301372622,177.918367346939
10.3845663361196,177.506802721088
10.3983025349769,177.28231292517
10.4120387338342,176.959183673469
10.4257749326915,176.700680272109
10.4395111315488,176.394557823129
10.4532473304061,176.248299319728
10.4669835292634,176.159863945578
10.4807197281207,176.149659863946
10.494455926978,176.210884353742
10.5081921258353,176.316326530612
10.5219283246926,176.34693877551
10.5356645235499,176.377551020408
10.5494007224072,176.255102040816
10.5631369212645,176.003401360544
10.5768731201218,175.666666666667
10.5906093189791,175.329931972789
10.6043455178364,175.115646258503
10.6180817166937,174.955782312925
10.631817915551,174.918367346939
10.6455541144083,175.061224489796
10.6592903132656,175.289115646258
10.6730265121229,175.571428571429
10.6867627109802,175.673469387755
10.7004989098375,175.996598639456
10.7142351086948,176.248299319728
10.7279713075521,176.43537414966
10.7417075064094,176.343537414966
10.7554437052667,176.278911564626
10.769179904124,176.166666666667
10.7829161029813,175.897959183673
10.7966523018386,175.615646258503
10.8103885006959,175.326530612245
10.8241246995532,175.06462585034
10.8378608984105,174.863945578231
10.8515970972678,174.510204081633
10.8653332961251,174.268707482993
10.8790694949824,174.061224489796
10.8928056938397,173.962585034014
10.906541892697,173.874149659864
10.9202780915543,173.891156462585
10.9340142904116,173.925170068027
10.9477504892689,173.955782312925
10.9614866881262,173.91156462585
10.9752228869835,173.799319727891
10.9889590858408,173.710884353742
11.0026952846981,173.547619047619
11.0164314835554,173.289115646258
11.0301676824127,172.972789115646
11.04390388127,172.765306122449
11.0576400801273,172.527210884354
11.0713762789846,172.319727891156
11.0851124778419,172.204081632653
11.0988486766992,172.068027210884
11.1125848755565,171.962585034014
11.1263210744138,172.051020408163
11.1400572732711,172.183673469388
11.1537934721284,172.506802721088
11.1675296709857,172.741496598639
11.181265869843,173.122448979592
11.1950020687003,173.547619047619
11.2087382675576,173.914965986395
11.2224744664149,174.251700680272
11.2362106652722,174.551020408163
11.2499468641295,174.673469387755
11.2636830629868,174.65306122449
11.2774192618441,174.537414965986
11.2911554607014,174.333333333333
11.3048916595587,174.040816326531
11.318627858416,173.744897959184
11.3323640572733,173.557823129252
11.3461002561306,173.268707482993
11.3598364549879,173.115646258503
11.3735726538452,172.751700680272
11.3873088527025,172.431972789116
11.4010450515598,172.173469387755
11.4147812504171,171.908163265306
11.4285174492744,171.58843537415
11.4422536481317,171.299319727891
11.455989846989,171.119047619048
11.4697260458463,171.091836734694
11.4834622447036,170.942176870748
11.4971984435609,170.812925170068
11.5109346424182,170.591836734694
11.5246708412755,170.333333333333
11.5384070401328,170.040816326531
11.5521432389901,169.676870748299
11.5658794378474,169.465986394558
11.5796156367047,169.357142857143
11.593351835562,169.442176870748
11.6070880344193,169.557823129252
11.6208242332766,169.799319727891
11.6345604321339,170.010204081633
11.6482966309912,170.323129251701
11.6620328298485,170.71768707483
11.6757690287058,170.986394557823
11.6895052275631,171.207482993197
11.7032414264204,171.527210884354
11.7169776252777,171.792517006803
11.730713824135,171.989795918367
11.7444500229923,172.176870748299
11.7581862218497,172.275510204082
11.771922420707,172.404761904762
11.7856586195643,172.482993197279
11.7993948184216,172.625850340136
11.8131310172789,172.687074829932
11.8268672161362,172.755102040816
11.8406034149935,172.755102040816
11.8543396138508,172.666666666667
11.8680758127081,172.5
11.8818120115654,172.170068027211
11.8955482104227,171.727891156463
11.90928440928,171.323129251701
11.9230206081373,170.666666666667
11.9367568069946,170.19387755102
11.9504930058519,169.642857142857
11.9642292047092,169.323129251701
11.9779654035665,169.159863945578
11.9917016024238,169.105442176871
12.0054378012811,169.197278911565
12.0191740001384,169.425170068027
12.0329101989957,169.863945578231
12.046646397853,170.289115646258
12.0603825967103,170.887755102041
12.0741187955676,171.363945578231
12.0878549944249,171.772108843537
12.1015911932822,172.125850340136
12.1153273921395,172.391156462585
12.1290635909968,172.517006802721
12.1427997898541,172.421768707483
12.1565359887114,172.615646258503
12.1702721875687,172.697278911565
12.184008386426,172.877551020408
12.1977445852833,173.248299319728
12.2114807841406,173.748299319728
12.2252169829979,174.268707482993
12.2389531818552,174.826530612245
12.2526893807125,175.30612244898
12.2664255795698,175.619047619048
12.2801617784271,175.775510204082
12.2938979772844,175.676870748299
12.3076341761417,175.34693877551
12.321370374999,174.925170068027
12.3351065738563,174.520408163265
12.3488427727136,174.125850340136
12.3625789715709,173.710884353742
12.3763151704282,173.551020408163
12.3900513692855,173.43537414966
12.4037875681428,173.326530612245
12.4175237670001,173.374149659864
12.4312599658574,173.52380952381
12.4449961647147,173.734693877551
12.458732363572,173.972789115646
12.4724685624293,174.397959183673
12.4862047612866,174.734693877551
12.4999409601439,175.156462585034
12.5136771590012,175.585034013605
12.5274133578585,176.091836734694
12.5411495567158,176.465986394558
12.5548857555731,176.829931972789
12.5686219544304,177.163265306122
12.5823581532877,177.561224489796
12.596094352145,177.829931972789
12.6098305510023,177.938775510204
12.6235667498596,178.013605442177
12.6373029487169,178.054421768707
12.6510391475742,178.08843537415
12.6647753464315,178.034013605442
12.6785115452888,177.979591836735
12.6922477441461,177.989795918367
12.7059839430034,178.013605442177
12.7197201418607,178.149659863946
12.733456340718,178.183673469388
12.7471925395753,178.159863945578
12.7609287384326,178.044217687075
12.7746649372899,177.792517006803
12.7884011361472,177.517006802721
12.8021373350045,177.108843537415
12.8158735338618,176.812925170068
12.8296097327191,176.41156462585
12.8433459315764,176.030612244898
12.8570821304337,175.710884353742
12.870818329291,175.367346938776
12.8845545281483,175.12925170068
12.8982907270056,174.965986394558
12.9120269258629,174.931972789116
12.9257631247202,174.996598639456
12.9394993235775,175.173469387755
12.9532355224348,175.459183673469
12.9669717212921,175.809523809524
12.9807079201494,176.105442176871
12.9944441190067,176.380952380952
13.008180317864,176.496598639456
13.0219165167213,176.670068027211
13.0356527155786,176.840136054422
13.0493889144359,176.894557823129
13.0631251132932,177.091836734694
13.0768613121505,177.261904761905
13.0905975110078,177.479591836735
13.1043337098651,177.778911564626
13.1180699087224,177.989795918367
13.1318061075797,178.248299319728
13.1455423064371,178.537414965986
13.1592785052944,178.765306122449
13.1730147041517,178.925170068027
13.186750903009,179.074829931973
13.2004871018663,179.224489795918
13.2142233007236,179.21768707483
13.2279594995809,179.095238095238
13.2416956984382,178.761904761905
13.2554318972955,178.448979591837
13.2691680961528,178.091836734694
13.2829042950101,177.622448979592
13.2966404938674,177.292517006803
13.3103766927247,177.105442176871
13.324112891582,176.948979591837
13.3378490904393,176.959183673469
13.3515852892966,176.931972789116
13.3653214881539,177.139455782313
13.3790576870112,177.248299319728
13.3927938858685,177.363945578231
13.4065300847258,177.5
13.4202662835831,177.792517006803
13.4340024824404,177.918367346939
13.4477386812977,178.139455782313
13.461474880155,178.261904761905
13.4752110790123,178.479591836735
13.4889472778696,178.816326530612
13.5026834767269,179.261904761905
13.5164196755842,179.646258503401
13.5301558744415,180.139455782313
13.5438920732988,180.571428571429
13.5576282721561,180.979591836735
13.5713644710134,181.231292517007
13.5851006698707,181.336734693878
13.598836868728,181.465986394558
13.6125730675853,181.431972789116
13.6263092664426,181.462585034014
13.6400454652999,181.309523809524
13.6537816641572,181.21768707483
13.6675178630145,180.948979591837
13.6812540618718,180.680272108844
13.6949902607291,180.333333333333
13.7087264595864,179.969387755102
13.7224626584437,179.431972789116
13.736198857301,178.914965986395
13.7499350561583,178.374149659864
13.7636712550156,177.731292517007
13.7774074538729,177.183673469388
13.7911436527302,176.731292517007
13.8048798515875,176.496598639456
13.8186160504448,176.295918367347
13.8323522493021,176.295918367347
13.8460884481594,176.479591836735
13.8598246470167,176.734693877551
13.873560845874,176.959183673469
13.8872970447313,177.268707482993
13.9010332435886,177.448979591837
13.9147694424459,177.642857142857
13.9285056413032,177.836734693878
13.9422418401605,178.017006802721
13.9559780390178,178.12925170068
13.9697142378751,178.15306122449
13.9834504367324,178.248299319728
13.9971866355897,178.292517006803
14.010922834447,178.408163265306
14.0246590333043,178.517006802721
14.0383952321616,178.622448979592
14.0521314310189,178.778911564626
14.0658676298762,178.928571428571
14.0796038287335,179.12925170068
14.0933400275908,179.408163265306
14.1070762264481,179.459183673469
14.1208124253054,179.663265306122
14.1345486241627,179.632653061224
14.14828482302,179.493197278912
14.1620210218773,179.394557823129
14.1757572207346,179.139455782313
14.1894934195919,178.663265306122
14.2032296184492,178.149659863946
14.2169658173065,177.486394557823
14.2307020161638,176.863945578231
14.2444382150211,176.132653061224
14.2581744138784,175.574829931973
14.2719106127357,175.030612244898
14.285646811593,174.676870748299
14.2993830104503,174.425170068027
14.3131192093076,174.30612244898
14.3268554081649,174.268707482993
14.3405916070222,174.125850340136
14.3543278058795,174.136054421769
14.3680640047368,174.095238095238
14.3818002035941,174.020408163265
14.3955364024514,173.843537414966
14.4092726013087,173.649659863946
14.423008800166,173.547619047619
14.4367449990233,173.506802721088
14.4504811978806,173.598639455782
14.4642173967379,173.802721088435
14.4779535955952,174.054421768707
14.4916897944525,174.340136054422
14.5054259933098,174.860544217687
14.5191621921671,175.312925170068
14.5328983910245,175.778911564626
14.5466345898818,175.972789115646
14.5603707887391,176.278911564626
14.5741069875964,176.357142857143
14.5878431864537,176.540816326531
14.601579385311,176.656462585034
14.6153155841683,176.731292517007
14.6290517830256,176.816326530612
14.6427879818829,176.965986394558
14.6565241807402,177.255102040816
14.6702603795975,177.431972789116
14.6839965784548,177.612244897959
14.6977327773121,177.69387755102
14.7114689761694,177.724489795918
14.7252051750267,177.65306122449
14.738941373884,177.377551020408
14.7526775727413,177.231292517007
14.7664137715986,177.06462585034
14.7801499704559,176.850340136054
14.7938861693132,176.639455782313
14.8076223681705,176.58843537415
14.8213585670278,176.642857142857
14.8350947658851,176.748299319728
14.8488309647424,176.894557823129
14.8625671635997,177.095238095238
14.876303362457,177.292517006803
14.8900395613143,177.540816326531
14.9037757601716,177.69387755102
14.9175119590289,177.819727891156
14.9312481578862,178.125850340136
14.9449843567435,178.340136054422
14.9587205556008,178.452380952381
14.9724567544581,178.534013605442
14.9861929533154,178.608843537415
14.9999291521727,178.452380952381
15.01366535103,178.336734693878
15.0274015498873,178.163265306122
15.0411377487446,177.993197278912
15.0548739476019,178
15.0686101464592,178.119047619048
15.0823463453165,178.292517006803
15.0960825441738,178.768707482993
15.1098187430311,179.017006802721
15.1235549418884,179.28231292517
15.1372911407457,179.503401360544
15.151027339603,179.47619047619
15.1647635384603,179.30612244898
15.1784997373176,178.972789115646
15.1922359361749,178.561224489796
15.2059721350322,178.081632653061
15.2197083338895,177.547619047619
15.2334445327468,177.136054421769
15.2471807316041,176.829931972789
15.2609169304614,176.639455782313
15.2746531293187,176.602040816327
15.288389328176,176.493197278912
15.3021255270333,176.496598639456
15.3158617258906,176.683673469388
15.3295979247479,176.540816326531
15.3433341236052,176.676870748299
15.3570703224625,176.71768707483
15.3708065213198,176.816326530612
15.3845427201771,176.993197278912
15.3982789190344,177.272108843537
15.4120151178917,177.520408163265
15.425751316749,177.721088435374
15.4394875156063,177.687074829932
15.4532237144636,177.646258503401
15.4669599133209,177.363945578231
15.4806961121782,177.166666666667
15.4944323110355,177.006802721088
15.5081685098928,176.812925170068
15.5219047087501,176.724489795918
15.5356409076074,176.772108843537
15.5493771064647,176.724489795918
15.563113305322,176.840136054422
15.5768495041793,176.938775510204
15.5905857030366,176.948979591837
15.6043219018939,176.850340136054
15.6180581007512,176.700680272109
15.6317942996085,176.656462585034
15.6455304984658,176.595238095238
15.6592666973231,176.401360544218
15.6730028961804,176.343537414966
15.6867390950377,176.275510204082
15.700475293895,176.136054421769
15.7142114927523,175.993197278912
15.7279476916096,175.840136054422
15.7416838904669,175.755102040816
15.7554200893242,175.455782312925
15.7691562881815,175.343537414966
15.7828924870388,175.078231292517
15.7966286858961,174.812925170068
15.8103648847534,174.734693877551
15.8241010836107,174.622448979592
15.837837282468,174.622448979592
15.8515734813253,174.646258503401
15.8653096801826,174.731292517007
15.8790458790399,175.027210884354
15.8927820778972,175.367346938776
15.9065182767546,175.673469387755
15.9202544756119,176.268707482993
15.9339906744692,176.795918367347
15.9477268733265,177.272108843537
15.9614630721838,177.761904761905
15.9751992710411,178.105442176871
15.9889354698984,178.387755102041
16.0026716687557,178.329931972789
16.016407867613,178.204081632653
16.0301440664703,178.051020408163
16.0438802653276,177.680272108844
16.0576164641849,177.312925170068
16.0713526630422,176.945578231293
16.0850888618995,176.540816326531
16.0988250607568,176.146258503401
16.1125612596141,175.721088435374
16.1262974584714,175.30612244898
16.1400336573287,174.904761904762
16.153769856186,174.581632653061
16.1675060550433,174.248299319728
16.1812422539006,174.037414965986
16.1949784527579,173.918367346939
16.2087146516152,174.003401360544
16.2224508504725,173.918367346939
16.2361870493298,174.125850340136
16.2499232481871,174.170068027211
16.2636594470444,174.227891156463
16.2773956459017,174.197278911565
16.291131844759,174.207482993197
16.3048680436163,174
16.3186042424736,173.884353741497
16.3323404413309,173.734693877551
16.3460766401882,173.527210884354
16.3598128390455,173.272108843537
16.3735490379028,173.095238095238
16.3872852367601,172.93537414966
16.4010214356174,172.812925170068
16.4147576344747,172.734693877551
16.428493833332,172.799319727891
16.4422300321893,172.772108843537
16.4559662310466,172.836734693878
16.4697024299039,172.948979591837
16.4834386287612,173.020408163265
16.4971748276185,173.122448979592
16.5109110264758,173.098639455782
16.5246472253331,173.102040816327
16.5383834241904,173.122448979592
16.5521196230477,172.91156462585
16.565855821905,172.704081632653
16.5795920207623,172.340136054422
16.5933282196196,172.054421768707
16.6070644184769,171.799319727891
16.6208006173342,171.530612244898
16.6345368161915,171.387755102041
16.6482730150488,171.214285714286
16.6620092139061,171.159863945578
16.6757454127634,171.12925170068
16.6894816116207,171.08843537415
16.703217810478,170.942176870748
16.7169540093353,170.897959183673
16.7306902081926,170.789115646258
16.7444264070499,170.646258503401
16.7581626059072,170.642857142857
16.7718988047645,170.649659863946
16.7856350036218,170.71768707483
16.7993712024791,170.62925170068
16.8131074013364,170.598639455782
16.8268436001937,170.663265306122
16.840579799051,170.595238095238
16.8543159979083,170.772108843537
16.8680521967656,170.952380952381
16.8817883956229,171.251700680272
16.8955245944802,171.578231292517
16.9092607933375,171.901360544218
16.9229969921948,172.210884353742
16.9367331910521,172.333333333333
16.9504693899094,172.132653061224
16.9642055887667,171.945578231293
16.977941787624,171.656462585034
16.9916779864813,171.496598639456
17.0054141853386,171.367346938776
17.0191503841959,171.285714285714
17.0328865830532,171.455782312925
17.0466227819105,171.731292517007
17.0603589807678,171.840136054422
17.0740951796251,172.139455782313
17.0878313784824,172.258503401361
17.1015675773397,172.428571428571
17.115303776197,172.632653061224
17.1290399750543,172.850340136054
17.1427761739116,172.989795918367
17.1565123727689,173.108843537415
17.1702485716262,173.146258503401
17.1839847704835,172.989795918367
17.1977209693408,172.789115646258
17.2114571681981,172.534013605442
17.2251933670554,172.180272108844
17.2389295659127,171.880952380952
17.25266576477,171.721088435374
17.2664019636273,171.554421768707
17.2801381624847,171.43537414966
17.2938743613419,171.374149659864
17.3076105601993,171.357142857143
17.3213467590566,171.391156462585
17.3350829579139,171.547619047619
17.3488191567712,171.591836734694
17.3625553556285,171.727891156463
17.3762915544858,171.921768707483
17.3900277533431,172.078231292517
17.4037639522004,172.275510204082
17.4175001510577,172.442176870748
17.431236349915,172.741496598639
17.4449725487723,173.037414965986
17.4587087476296,173.363945578231
17.4724449464869,173.744897959184
17.4861811453442,174.173469387755
17.4999173442015,174.670068027211
17.5136535430588,175.37074829932
17.5273897419161,176.122448979592
17.5411259407734,176.816326530612
17.5548621396307,177.571428571429
17.568598338488,178.258503401361
17.5823345373453,178.894557823129
17.5960707362026,179.374149659864
17.6098069350599,179.812925170068
17.6235431339172,180.08843537415
17.6372793327745,180.258503401361
17.6510155316318,180.43537414966
17.6647517304891,180.578231292517
17.6784879293464,180.622448979592
17.6922241282037,180.619047619048
17.705960327061,180.639455782313
17.7196965259183,180.700680272109
17.7334327247756,180.58843537415
17.7471689236329,180.527210884354
17.7609051224902,180.397959183673
17.7746413213475,180.408163265306
17.7883775202048,180.391156462585
17.8021137190621,180.397959183673
17.8158499179194,180.394557823129
17.8295861167767,180.513605442177
17.843322315634,180.761904761905
17.8570585144913,180.969387755102
17.8707947133486,181.149659863946
17.8845309122059,181.275510204082
17.8982671110632,181.530612244898
17.9120033099205,181.649659863946
17.9257395087778,181.755102040816
17.9394757076351,181.982993197279
17.9532119064924,182.302721088435
17.9669481053497,182.578231292517
17.980684304207,183.003401360544
17.9944205030643,183.377551020408
18.0081567019216,183.877551020408
18.0218929007789,184.28231292517
18.0356290996362,184.69387755102
18.0493652984935,184.87074829932
18.0631014973508,185.091836734694
18.0768376962081,185.316326530612
18.0905738950654,185.513605442177
18.1043100939227,185.431972789116
18.11804629278,185.527210884354
18.1317824916373,185.380952380952
18.1455186904946,185.323129251701
18.1592548893519,185.190476190476
18.1729910882092,185.095238095238
18.1867272870665,185.098639455782
18.2004634859238,185.156462585034
18.2141996847811,185.159863945578
18.2279358836384,185.28231292517
18.2416720824957,185.278911564626
18.255408281353,185.28231292517
18.2691444802103,185.278911564626
18.2828806790676,185.248299319728
18.2966168779249,185.125850340136
18.3103530767822,185.068027210884
18.3240892756395,185.040816326531
18.3378254744968,185.02380952381
18.3515616733541,184.921768707483
18.3652978722114,184.891156462585
18.3790340710687,184.833333333333
18.392770269926,184.632653061224
18.4065064687833,184.380952380952
18.4202426676406,184.251700680272
18.4339788664979,184.08843537415
18.4477150653552,183.965986394558
18.4614512642125,183.948979591837
18.4751874630698,183.918367346939
18.4889236619271,183.887755102041
18.5026598607844,183.826530612245
18.5163960596417,183.697278911565
18.530132258499,183.438775510204
18.5438684573563,183.197278911565
18.5576046562136,182.877551020408
18.5713408550709,182.554421768707
18.5850770539282,182.343537414966
18.5988132527855,182.142857142857
18.6125494516428,181.928571428571
18.6262856505001,181.761904761905
18.6400218493574,181.534013605442
18.6537580482147,181.275510204082
18.6674942470721,181.091836734694
18.6812304459294,180.84693877551
18.6949666447867,180.503401360544
18.708702843644,180.146258503401
18.7224390425013,179.758503401361
18.7361752413586,179.465986394558
18.7499114402159,179.132653061224
18.7636476390732,178.914965986395
18.7773838379305,178.761904761905
18.7911200367878,178.585034013605
18.8048562356451,178.571428571429
18.8185924345024,178.489795918367
18.8323286333597,178.255102040816
18.846064832217,178.139455782313
18.8598010310743,177.959183673469
18.8735372299316,177.71768707483
18.8872734287889,177.41156462585
18.9010096276462,177.061224489796
18.9147458265035,176.772108843537
18.9284820253608,176.557823129252
18.9422182242181,176.414965986395
18.9559544230754,176.391156462585
18.9696906219327,176.122448979592
18.98342682079,176.08843537415
18.9971630196473,175.931972789116
19.0108992185046,175.914965986395
19.0246354173619,175.880952380952
19.0383716162192,175.843537414966
19.0521078150765,175.938775510204
19.0658440139338,176.054421768707
19.0795802127911,176.163265306122
19.0933164116484,176.30612244898
19.1070526105057,176.340136054422
19.120788809363,176.380952380952
19.1345250082203,176.431972789116
19.1482612070776,176.221088435374
19.1619974059349,176.105442176871
19.1757336047922,176.06462585034
19.1894698036495,176.047619047619
19.2032060025068,175.962585034014
19.2169422013641,175.884353741497
19.2306784002214,175.897959183673
19.2444145990787,175.891156462585
19.258150797936,175.795918367347
19.2718869967933,175.666666666667
19.2856231956506,175.56462585034
19.2993593945079,175.425170068027
19.3130955933652,175.238095238095
19.3268317922225,175.119047619048
19.3405679910798,174.789115646258
19.3543041899371,174.431972789116
19.3680403887944,174.119047619048
19.3817765876517,173.78231292517
19.395512786509,173.605442176871
19.4092489853663,173.357142857143
19.4229851842236,173.455782312925
19.4367213830809,173.748299319728
19.4504575819382,174.258503401361
19.4641937807955,174.863945578231
19.4779299796528,175.431972789116
19.4916661785101,176
19.5054023773674,176.37074829932
19.5191385762247,176.605442176871
19.532874775082,176.78231292517
19.5466109739393,176.93537414966
19.5603471727966,177.200680272109
19.5740833716539,177.537414965986
19.5878195705112,178.02380952381
19.6015557693685,178.612244897959
19.6152919682258,179.085034013605
19.6290281670831,179.421768707483
19.6427643659404,179.673469387755
19.6565005647977,179.734693877551
19.670236763655,179.826530612245
19.6839729625123,179.819727891156
19.6977091613696,179.887755102041
19.7114453602269,180.105442176871
19.7251815590842,180.333333333333
19.7389177579415,180.527210884354
19.7526539567988,180.731292517007
19.7663901556561,181.040816326531
19.7801263545134,181.350340136054
19.7938625533707,181.704081632653
19.807598752228,182.183673469388
19.8213349510853,182.649659863946
19.8350711499426,183.278911564626
19.8488073487999,183.965986394558
19.8625435476572,184.724489795918
19.8762797465145,185.391156462585
19.8900159453718,186.071428571429
19.9037521442291,186.636054421769
19.9174883430864,186.887755102041
19.9312245419437,187.085034013605
19.944960740801,186.833333333333
19.9586969396583,186.517006802721
19.9724331385156,186.017006802721
19.9861693373729,185.581632653061
19.9999055362302,185.231292517007
20.0136417350875,185.21768707483
20.0273779339448,185.418367346939
20.0411141328022,185.795918367347
20.0548503316594,186.377551020408
20.0685865305168,186.914965986395
20.0823227293741,187.656462585034
20.0960589282314,188.078231292517
20.1097951270887,188.482993197279
20.123531325946,188.812925170068
20.1372675248033,189.132653061224
20.1510037236606,189.326530612245
20.1647399225179,189.408163265306
20.1784761213752,189.095238095238
20.1922123202325,188.874149659864
20.2059485190898,188.363945578231
20.2196847179471,187.833333333333
20.2334209168044,187.34693877551
20.2471571156617,187.214285714286
20.260893314519,186.904761904762
20.2746295133763,187.051020408163
20.2883657122336,187.387755102041
20.3021019110909,187.741496598639
20.3158381099482,188.102040816327
20.3295743088055,188.414965986395
20.3433105076628,188.673469387755
20.3570467065201,188.80612244898
20.3707829053774,189.010204081633
20.3845191042347,189.146258503401
20.398255303092,189.462585034014
20.4119915019493,189.857142857143
20.4257277008066,190.363945578231
20.4394638996639,190.986394557823
20.4532000985212,191.636054421769
20.4669362973785,192.081632653061
20.4806724962358,192.41156462585
20.4944086950931,192.52380952381
20.5081448939504,192.37074829932
20.5218810928077,192.098639455782
20.535617291665,191.673469387755
20.5493534905223,191.34693877551
20.5630896893796,191.068027210884
20.5768258882369,190.989795918367
20.5905620870942,191.295918367347
20.6042982859515,191.605442176871
20.6180344848088,192.074829931973
