"Date: 11/19/2019 10:54:50 AM"
0
#TRUE#,#FALSE#,#FALSE#
#TRUE#
72.2,72,72.1999996577218
"E:\Scan 1\PSTR3_Coral_1_4_8.bmp"
""
108,535,1640,537,1640,268,108,266
1533
0,188.974074074074
.013850415578126,188.607407407407
2.77008311562519E-02,188.366666666667
4.15512467343779E-02,188.362962962963
5.54016623125039E-02,188.144444444444
6.92520778906298E-02,188.233333333333
8.31024934687558E-02,188.411111111111
9.69529090468818E-02,188.644444444444
.110803324625008,188.774074074074
.124653740203134,188.844444444444
.13850415578126,189.014814814815
.152354571359386,189.159259259259
.166204986937512,189.133333333333
.180055402515638,189.103703703704
.193905818093764,189.07037037037
.20775623367189,188.881481481481
.221606649250015,188.674074074074
.235457064828141,188.448148148148
.249307480406267,188.122222222222
.263157895984393,187.874074074074
.277008311562519,187.374074074074
.290858727140645,187.077777777778
.304709142718771,186.622222222222
.318559558296897,186.181481481481
.332409973875023,185.848148148148
.346260389453149,185.581481481481
.360110805031275,185.385185185185
.373961220609401,185.285185185185
.387811636187527,185.322222222222
.401662051765653,185.433333333333
.415512467343779,185.562962962963
.429362882921905,185.707407407407
.443213298500031,185.87037037037
.457063714078157,185.996296296296
.470914129656283,186.092592592593
.484764545234409,186.111111111111
.498614960812535,186.133333333333
.512465376390661,186.174074074074
.526315791968787,186.103703703704
.540166207546913,185.985185185185
.554016623125039,185.7
.567867038703165,185.418518518519
.581717454281291,185.118518518519
.595567869859417,184.92962962963
.609418285437543,184.544444444444
.623268701015669,184.533333333333
.637119116593795,184.522222222222
.65096953217192,184.6
.664819947750046,184.696296296296
.678670363328172,184.785185185185
.692520778906298,184.862962962963
.706371194484424,184.951851851852
.72022161006255,185.048148148148
.734072025640676,185.174074074074
.747922441218802,185.248148148148
.761772856796928,185.403703703704
.775623272375054,185.52962962963
.78947368795318,185.581481481481
.803324103531306,185.574074074074
.817174519109432,185.562962962963
.831024934687558,185.374074074074
.844875350265684,185.155555555556
.85872576584381,184.807407407407
.872576181421936,184.492592592593
.886426597000062,184.188888888889
.900277012578188,183.9
.914127428156314,183.655555555556
.92797784373444,183.496296296296
.941828259312566,183.437037037037
.955678674890692,183.411111111111
.969529090468818,183.474074074074
.983379506046944,183.525925925926
.99722992162507,183.651851851852
1.0110803372032,183.796296296296
1.02493075278132,183.962962962963
1.03878116835945,184.088888888889
1.05263158393757,184.240740740741
1.0664819995157,184.448148148148
1.08033241509383,184.781481481481
1.09418283067195,185.007407407407
1.10803324625008,185.196296296296
1.1218836618282,185.333333333333
1.13573407740633,185.392592592593
1.14958449298446,185.496296296296
1.16343490856258,185.337037037037
1.17728532414071,185.122222222222
1.19113573971883,184.833333333333
1.20498615529696,184.42962962963
1.21883657087509,184.018518518519
1.23268698645321,183.577777777778
1.24653740203134,183.107407407407
1.26038781760946,182.8
1.27423823318759,182.448148148148
1.28808864876572,182.188888888889
1.30193906434384,182.033333333333
1.31578947992197,182.059259259259
1.32963989550009,182.248148148148
1.34349031107822,182.425925925926
1.35734072665634,182.607407407407
1.37119114223447,182.737037037037
1.3850415578126,182.925925925926
1.39889197339072,182.844444444444
1.41274238896885,182.707407407407
1.42659280454697,182.481481481481
1.4404432201251,182.259259259259
1.45429363570323,181.933333333333
1.46814405128135,181.607407407407
1.48199446685948,181.351851851852
1.4958448824376,181.096296296296
1.50969529801573,180.985185185185
1.52354571359386,180.937037037037
1.53739612917198,180.937037037037
1.55124654475011,181.092592592593
1.56509696032823,181.274074074074
1.57894737590636,181.451851851852
1.59279779148449,181.611111111111
1.60664820706261,181.87037037037
1.62049862264074,181.862962962963
1.63434903821886,181.922222222222
1.64819945379699,182.062962962963
1.66204986937512,182.122222222222
1.67590028495324,182.185185185185
1.68975070053137,182.274074074074
1.70360111610949,182.318518518519
1.71745153168762,182.281481481481
1.73130194726575,182.144444444444
1.74515236284387,181.948148148148
1.759002778422,181.696296296296
1.77285319400012,181.344444444444
1.78670360957825,180.911111111111
1.80055402515638,180.562962962963
1.8144044407345,180.351851851852
1.82825485631263,180.244444444444
1.84210527189075,180.262962962963
1.85595568746888,180.322222222222
1.86980610304701,180.488888888889
1.88365651862513,180.596296296296
1.89750693420326,180.581481481481
1.91135734978138,180.425925925926
1.92520776535951,180.237037037037
1.93905818093764,179.988888888889
1.95290859651576,179.766666666667
1.96675901209389,179.511111111111
1.98060942767201,179.337037037037
1.99445984325014,179.251851851852
2.00831025882827,179.12962962963
2.02216067440639,178.974074074074
2.03601108998452,178.881481481481
2.04986150556264,178.755555555556
2.06371192114077,178.611111111111
2.0775623367189,178.451851851852
2.09141275229702,178.307407407407
2.10526316787515,178.181481481481
2.11911358345327,178.033333333333
2.1329639990314,177.640740740741
2.14681441460952,177.259259259259
2.16066483018765,176.788888888889
2.17451524576578,176.474074074074
2.1883656613439,175.955555555556
2.20221607692203,175.503703703704
2.21606649250016,175.2
2.22991690807828,175.011111111111
2.24376732365641,174.925925925926
2.25761773923453,174.837037037037
2.27146815481266,174.848148148148
2.28531857039078,174.862962962963
2.29916898596891,174.848148148148
2.31301940154704,174.766666666667
2.32686981712516,174.622222222222
2.34072023270329,174.437037037037
2.35457064828141,174.248148148148
2.36842106385954,174.066666666667
2.38227147943767,173.777777777778
2.39612189501579,173.518518518519
2.40997231059392,173.17037037037
2.42382272617204,172.87037037037
2.43767314175017,172.577777777778
2.4515235573283,172.240740740741
2.46537397290642,171.985185185185
2.47922438848455,171.840740740741
2.49307480406267,171.77037037037
2.5069252196408,171.851851851852
2.52077563521893,172.037037037037
2.53462605079705,172.318518518519
2.54847646637518,172.677777777778
2.5623268819533,173.07037037037
2.57617729753143,173.418518518519
2.59002771310956,173.640740740741
2.60387812868768,173.922222222222
2.61772854426581,174.074074074074
2.63157895984393,174.337037037037
2.64542937542206,174.514814814815
2.65927979100019,174.6
2.67313020657831,174.796296296296
2.68698062215644,174.940740740741
2.70083103773456,175.092592592593
2.71468145331269,175.166666666667
2.72853186889082,175.255555555556
2.74238228446894,175.414814814815
2.75623270004707,175.551851851852
2.77008311562519,175.685185185185
2.78393353120332,175.840740740741
2.79778394678145,175.992592592593
2.81163436235957,176.1
2.8254847779377,176.240740740741
2.83933519351582,176.281481481481
2.85318560909395,176.366666666667
2.86703602467208,176.337037037037
2.8808864402502,176.366666666667
2.89473685582833,176.37037037037
2.90858727140645,176.362962962963
2.92243768698458,176.392592592593
2.93628810256271,176.659259259259
2.95013851814083,176.811111111111
2.96398893371896,176.977777777778
2.97783934929708,177.025925925926
2.99168976487521,177.033333333333
3.00554018045333,176.914814814815
3.01939059603146,176.644444444444
3.03324101160959,176.411111111111
3.04709142718771,176.07037037037
3.06094184276584,175.848148148148
3.07479225834396,175.703703703704
3.08864267392209,175.737037037037
3.10249308950022,175.892592592593
3.11634350507834,176.085185185185
3.13019392065647,176.274074074074
3.14404433623459,176.496296296296
3.15789475181272,176.737037037037
3.17174516739085,176.988888888889
3.18559558296897,177.281481481481
3.1994459985471,177.559259259259
3.21329641412522,177.781481481481
3.22714682970335,178.081481481481
3.24099724528148,178.322222222222
3.2548476608596,178.548148148148
3.26869807643773,178.707407407407
3.28254849201585,178.903703703704
3.29639890759398,179.051851851852
3.31024932317211,179.222222222222
3.32409973875023,179.296296296296
3.33795015432836,179.474074074074
3.35180056990648,179.659259259259
3.36565098548461,179.77037037037
3.37950140106274,179.874074074074
3.39335181664086,179.907407407407
3.40720223221899,179.925925925926
3.42105264779711,179.855555555556
3.43490306337524,179.803703703704
3.44875347895337,179.714814814815
3.46260389453149,179.733333333333
3.47645431010962,179.855555555556
3.49030472568774,180.059259259259
3.50415514126587,180.214814814815
3.518005556844,180.455555555556
3.53185597242212,180.718518518519
3.54570638800025,180.87037037037
3.55955680357837,180.811111111111
3.5734072191565,180.651851851852
3.58725763473463,180.525925925926
3.60110805031275,180.185185185185
3.61495846589088,179.996296296296
3.628808881469,179.744444444444
3.64265929704713,179.585185185185
3.65650971262526,179.566666666667
3.67036012820338,179.548148148148
3.68421054378151,179.562962962963
3.69806095935963,179.466666666667
3.71191137493776,179.451851851852
3.72576179051589,179.392592592593
3.73961220609401,179.374074074074
3.75346262167214,179.437037037037
3.76731303725026,179.533333333333
3.78116345282839,179.774074074074
3.79501386840652,179.974074074074
3.80886428398464,180.192592592593
3.82271469956277,180.385185185185
3.83656511514089,180.392592592593
3.85041553071902,180.262962962963
3.86426594629715,179.944444444444
3.87811636187527,179.640740740741
3.8919667774534,179.203703703704
3.90581719303152,178.733333333333
3.91966760860965,178.32962962963
3.93351802418777,177.925925925926
3.9473684397659,177.633333333333
3.96121885534403,177.351851851852
3.97506927092215,177.144444444444
3.98891968650028,177.044444444444
4.0027701020784,177.066666666667
4.01662051765653,177.155555555556
4.03047093323466,177.303703703704
4.04432134881278,177.618518518519
4.05817176439091,177.7
4.07202217996903,177.903703703704
4.08587259554716,178.140740740741
4.09972301112529,178.292592592593
4.11357342670341,178.374074074074
4.12742384228154,178.47037037037
4.14127425785966,178.518518518519
4.15512467343779,178.466666666667
4.16897508901592,178.418518518519
4.18282550459404,178.337037037037
4.19667592017217,178.281481481481
4.21052633575029,178.211111111111
4.22437675132842,178.17037037037
4.23822716690655,178.196296296296
4.25207758248467,178.277777777778
4.2659279980628,178.318518518519
4.27977841364092,178.388888888889
4.29362882921905,178.451851851852
4.30747924479718,178.448148148148
4.3213296603753,178.385185185185
4.33518007595343,178.4
4.34903049153155,178.492592592593
4.36288090710968,178.592592592593
4.37673132268781,178.814814814815
4.39058173826593,179.003703703704
4.40443215384406,179.288888888889
4.41828256942218,179.440740740741
4.43213298500031,179.518518518519
4.44598340057844,179.407407407407
4.45983381615656,179.088888888889
4.47368423173469,178.77037037037
4.48753464731281,178.125925925926
4.50138506289094,177.714814814815
4.51523547846907,177.1
4.52908589404719,176.433333333333
4.54293630962532,175.959259259259
4.55678672520344,175.540740740741
4.57063714078157,175.192592592593
4.5844875563597,174.988888888889
4.59833797193782,174.851851851852
4.61218838751595,174.955555555556
4.62603880309407,175.255555555556
4.6398892186722,175.785185185185
4.65373963425033,176.314814814815
4.66759004982845,177.025925925926
4.68144046540658,177.888888888889
4.6952908809847,178.618518518519
4.70914129656283,179.444444444444
4.72299171214095,179.951851851852
4.73684212771908,180.481481481481
4.75069254329721,180.777777777778
4.76454295887533,180.844444444444
4.77839337445346,180.788888888889
4.79224379003159,180.52962962963
4.80609420560971,180.322222222222
4.81994462118784,179.985185185185
4.83379503676596,179.833333333333
4.84764545234409,179.692592592593
4.86149586792221,179.6
4.87534628350034,179.637037037037
4.88919669907847,179.788888888889
4.90304711465659,180.02962962963
4.91689753023472,180.303703703704
4.93074794581284,180.711111111111
4.94459836139097,181.166666666667
4.9584487769691,181.774074074074
4.97229919254722,182.322222222222
4.98614960812535,182.844444444444
5.00000002370347,183.240740740741
5.0138504392816,183.551851851852
5.02770085485973,183.703703703704
5.04155127043785,183.822222222222
5.05540168601598,183.807407407407
5.0692521015941,183.718518518519
5.08310251717223,183.622222222222
5.09695293275036,183.518518518519
5.11080334832848,183.437037037037
5.12465376390661,183.455555555556
5.13850417948473,183.492592592593
5.15235459506286,183.644444444444
5.16620501064099,183.77037037037
5.18005542621911,183.9
5.19390584179724,184.014814814815
5.20775625737536,184.062962962963
5.22160667295349,183.985185185185
5.23545708853162,183.822222222222
5.24930750410974,183.648148148148
5.26315791968787,183.555555555556
5.27700833526599,183.577777777778
5.29085875084412,183.622222222222
5.30470916642225,183.614814814815
5.31855958200037,183.581481481481
5.3324099975785,183.5
5.34626041315662,183.314814814815
5.36011082873475,183.066666666667
5.37396124431288,182.855555555556
5.387811659891,182.748148148148
5.40166207546913,182.644444444444
5.41551249104725,182.703703703704
5.42936290662538,182.92962962963
5.4432133222035,183.07037037037
5.45706373778163,183.092592592593
5.47091415335976,183.144444444444
5.48476456893788,182.996296296296
5.49861498451601,182.837037037037
5.51246540009414,182.603703703704
5.52631581567226,182.303703703704
5.54016623125039,182.133333333333
5.55401664682851,181.914814814815
5.56786706240664,181.814814814815
5.58171747798476,181.777777777778
5.59556789356289,181.766666666667
5.60941830914102,181.711111111111
5.62326872471914,181.751851851852
5.63711914029727,181.822222222222
5.65096955587539,181.933333333333
5.66481997145352,182.037037037037
5.67867038703165,182.066666666667
5.69252080260977,182.07037037037
5.7063712181879,182.037037037037
5.72022163376603,181.944444444444
5.73407204934415,181.907407407407
5.74792246492228,181.859259259259
5.7617728805004,181.877777777778
5.77562329607853,181.922222222222
5.78947371165665,182.018518518519
5.80332412723478,182.159259259259
5.81717454281291,182.188888888889
5.83102495839103,182.166666666667
5.84487537396916,182.140740740741
5.85872578954728,182.02962962963
5.87257620512541,181.922222222222
5.88642662070354,181.788888888889
5.90027703628166,181.792592592593
5.91412745185979,181.862962962963
5.92797786743791,182.103703703704
5.94182828301604,182.337037037037
5.95567869859417,182.67037037037
5.96952911417229,183.059259259259
5.98337952975042,183.407407407407
5.99722994532854,183.707407407407
6.01108036090667,183.996296296296
6.0249307764848,184.114814814815
6.03878119206292,184.277777777778
6.05263160764105,184.314814814815
6.06648202321917,184.333333333333
6.0803324387973,184.351851851852
6.09418285437543,184.396296296296
6.10803326995355,184.366666666667
6.12188368553168,184.340740740741
6.1357341011098,184.311111111111
6.14958451668793,184.303703703704
6.16343493226606,184.296296296296
6.17728534784418,184.240740740741
6.19113576342231,184.259259259259
6.20498617900043,184.4
6.21883659457856,184.581481481481
6.23268701015669,184.903703703704
6.24653742573481,185.081481481481
6.26038784131294,185.581481481481
6.27423825689106,185.862962962963
6.28808867246919,186.144444444444
6.30193908804732,186.451851851852
6.31578950362544,186.62962962963
6.32963991920357,186.851851851852
6.34349033478169,187.125925925926
6.35734075035982,187.259259259259
6.37119116593794,187.625925925926
6.38504158151607,187.837037037037
6.3988919970942,188.096296296296
6.41274241267232,188.303703703704
6.42659282825045,188.522222222222
6.44044324382858,188.662962962963
6.4542936594067,188.796296296296
6.46814407498483,188.840740740741
6.48199449056295,188.903703703704
6.49584490614108,188.888888888889
6.5096953217192,188.877777777778
6.52354573729733,188.888888888889
6.53739615287546,188.992592592593
6.55124656845358,189.166666666667
6.56509698403171,189.440740740741
6.57894739960983,189.796296296296
6.59279781518796,190.222222222222
6.60664823076609,190.618518518519
6.62049864634421,191.092592592593
6.63434906192234,191.355555555556
6.64819947750046,191.507407407407
6.66204989307859,191.7
6.67590030865672,191.903703703704
6.68975072423484,192.051851851852
6.70360113981297,192.240740740741
6.71745155539109,192.303703703704
6.73130197096922,192.481481481481
6.74515238654735,192.677777777778
6.75900280212547,192.733333333333
6.7728532177036,192.7
6.78670363328172,192.62962962963
6.80055404885985,192.544444444444
6.81440446443798,192.366666666667
6.8282548800161,192.325925925926
6.84210529559423,192.281481481481
6.85595571117235,192.281481481481
6.86980612675048,192.266666666667
6.88365654232861,192.318518518519
6.89750695790673,192.448148148148
6.91135737348486,192.548148148148
6.92520778906298,192.618518518519
6.93905820464111,192.707407407407
6.95290862021924,192.718518518519
6.96675903579736,192.703703703704
6.98060945137549,192.614814814815
6.99445986695361,192.522222222222
7.00831028253174,192.374074074074
7.02216069810987,192.274074074074
7.03601111368799,192.12962962963
7.04986152926612,192.188888888889
7.06371194484424,192.081481481481
7.07756236042237,191.903703703704
7.0914127760005,191.807407407407
7.10526319157862,191.666666666667
7.11911360715675,191.425925925926
7.13296402273487,191.214814814815
7.146814438313,190.925925925926
7.16066485389113,190.766666666667
7.17451526946925,190.562962962963
7.18836568504738,190.485185185185
7.2022161006255,190.440740740741
7.21606651620363,190.462962962963
7.22991693178176,190.588888888889
7.24376734735988,190.714814814815
7.25761776293801,191.055555555556
7.27146817851613,191.288888888889
7.28531859409426,191.559259259259
7.29916900967238,191.833333333333
7.31301942525051,191.948148148148
7.32686984082864,191.903703703704
7.34072025640676,191.611111111111
7.35457067198489,191.374074074074
7.36842108756302,190.814814814815
7.38227150314114,190.47037037037
7.39612191871927,189.959259259259
7.40997233429739,189.544444444444
7.42382274987552,189.22962962963
7.43767316545364,189.122222222222
7.45152358103177,188.97037037037
7.4653739966099,188.974074074074
7.47922441218802,189.162962962963
7.49307482776615,189.318518518519
7.50692524334427,189.581481481481
7.5207756589224,189.914814814815
7.53462607450053,190.3
7.54847649007865,190.737037037037
7.56232690565678,191.166666666667
7.5761773212349,191.47037037037
7.59002773681303,191.618518518519
7.60387815239116,191.714814814815
7.61772856796928,191.696296296296
7.63157898354741,191.462962962963
7.64542939912553,191.125925925926
7.65927981470366,190.688888888889
7.67313023028179,190.214814814815
7.68698064585991,189.781481481481
7.70083106143804,189.255555555556
7.71468147701616,189
7.72853189259429,188.744444444444
7.74238230817242,188.648148148148
7.75623272375054,188.618518518519
7.77008313932867,188.67037037037
7.78393355490679,188.777777777778
7.79778397048492,188.866666666667
7.81163438606305,189.088888888889
7.82548480164117,189.348148148148
7.8393352172193,189.714814814815
7.85318563279742,190.022222222222
7.86703604837555,190.466666666667
7.88088646395368,190.907407407407
7.8947368795318,191.277777777778
7.90858729510993,191.481481481481
7.92243771068805,191.622222222222
7.93628812626618,191.681481481481
7.95013854184431,191.466666666667
7.96398895742243,191.174074074074
7.97783937300056,190.666666666667
7.99168978857868,190.077777777778
8.00554020415681,189.392592592593
8.01939061973493,188.744444444444
8.03324103531306,188.07037037037
8.04709145089119,187.718518518519
8.06094186646931,187.318518518519
8.07479228204744,187.255555555556
8.08864269762556,187.448148148148
8.10249311320369,187.807407407407
8.11634352878182,188.288888888889
8.13019394435994,188.725925925926
8.14404435993807,189.296296296296
8.15789477551619,189.62962962963
8.17174519109432,190.051851851852
8.18559560667245,190.251851851852
8.19944602225057,190.166666666667
8.2132964378287,189.766666666667
8.22714685340683,189.114814814815
8.24099726898495,188.6
8.25484768456308,187.425925925926
8.2686981001412,186.618518518519
8.28254851571933,185.562962962963
8.29639893129746,184.696296296296
8.31024934687558,184.081481481481
8.32409976245371,183.748148148148
8.33795017803183,183.537037037037
8.35180059360996,183.418518518519
8.36565100918808,183.414814814815
8.37950142476621,183.548148148148
8.39335184034434,183.6
8.40720225592246,183.685185185185
8.42105267150059,183.785185185185
8.43490308707871,183.940740740741
8.44875350265684,184.140740740741
8.46260391823497,184.307407407407
8.47645433381309,184.455555555556
8.49030474939122,184.396296296296
8.50415516496934,184.185185185185
8.51800558054747,183.803703703704
8.5318559961256,183.266666666667
8.54570641170372,182.662962962963
8.55955682728185,181.955555555556
8.57340724285997,181.488888888889
8.5872576584381,180.940740740741
8.60110807401623,180.766666666667
8.61495848959435,180.625925925926
8.62880890517248,180.592592592593
8.6426593207506,180.751851851852
8.65650973632873,180.9
8.67036015190686,181.133333333333
8.68421056748498,181.288888888889
8.69806098306311,181.488888888889
8.71191139864123,181.566666666667
8.72576181421936,181.7
8.73961222979749,181.877777777778
8.75346264537561,181.944444444444
8.76731306095374,181.848148148148
8.78116347653186,181.666666666667
8.79501389210999,181.548148148148
8.80886430768811,181.048148148148
8.82271472326624,180.666666666667
8.83656513884437,180.144444444444
8.85041555442249,179.581481481481
8.86426597000062,179.185185185185
8.87811638557874,178.877777777778
8.89196680115687,178.603703703704
8.905817216735,178.325925925926
8.91966763231312,178.233333333333
8.93351804789125,178.122222222222
8.94736846346938,178.003703703704
8.9612188790475,177.977777777778
8.97506929462563,178.025925925926
8.98891971020375,178.174074074074
9.00277012578188,178.337037037037
9.01662054136001,178.47037037037
9.03047095693813,178.555555555556
9.04432137251626,178.533333333333
9.05817178809438,178.448148148148
9.07202220367251,178.351851851852
9.08587261925063,178.062962962963
9.09972303482876,177.540740740741
9.11357345040689,176.82962962963
9.12742386598501,176.218518518519
9.14127428156314,175.314814814815
9.15512469714126,174.7
9.16897511271939,173.992592592593
9.18282552829752,173.444444444444
9.19667594387564,173.137037037037
9.21052635945377,172.881481481481
9.22437677503189,172.733333333333
9.23822719061002,172.648148148148
9.25207760618815,172.540740740741
9.26592802176627,172.485185185185
9.2797784373444,172.455555555556
9.29362885292252,172.481481481481
9.30747926850065,172.537037037037
9.32132968407878,172.766666666667
9.3351800996569,173.055555555556
9.34903051523503,173.32962962963
9.36288093081315,173.514814814815
9.37673134639128,173.622222222222
9.39058176196941,173.618518518519
9.40443217754753,173.344444444444
9.41828259312566,172.911111111111
9.43213300870378,172.348148148148
9.44598342428191,171.525925925926
9.45983383986004,170.937037037037
9.47368425543816,170.181481481481
9.48753467101629,169.596296296296
9.50138508659441,168.922222222222
9.51523550217254,168.381481481481
9.52908591775067,167.87037037037
9.54293633332879,167.285185185185
9.55678674890692,166.733333333333
9.57063716448504,166.462962962963
9.58448758006317,165.959259259259
9.5983379956413,165.907407407407
9.61218841121942,165.907407407407
9.62603882679755,166.155555555556
9.63988924237567,166.540740740741
9.6537396579538,167.022222222222
9.66759007353193,167.437037037037
9.68144048911005,167.681481481481
9.69529090468818,167.918518518519
9.7091413202663,167.892592592593
9.72299173584443,167.855555555556
9.73684215142256,167.803703703704
9.75069256700068,167.659259259259
9.76454298257881,167.411111111111
9.77839339815693,167.103703703704
9.79224381373506,166.948148148148
9.80609422931319,166.474074074074
9.81994464489131,166.092592592593
9.83379506046944,165.544444444444
9.84764547604756,165.025925925926
9.86149589162569,164.52962962963
9.87534630720381,164.040740740741
9.88919672278194,163.540740740741
9.90304713836007,163.196296296296
9.91689755393819,162.911111111111
9.93074796951632,162.814814814815
9.94459838509444,162.788888888889
9.95844880067257,162.955555555556
9.9722992162507,163.159259259259
9.98614963182882,163.396296296296
10.0000000474069,163.62962962963
10.0138504629851,163.851851851852
10.0277008785632,163.97037037037
10.0415512941413,164.077777777778
10.0554017097195,164.22962962963
10.0692521252976,164.425925925926
10.0831025408757,164.696296296296
10.0969529564538,165.062962962963
10.110803372032,165.459259259259
10.1246537876101,165.737037037037
10.1385042031882,166.025925925926
10.1523546187663,166.066666666667
10.1662050343445,166.011111111111
10.1800554499226,165.740740740741
10.1939058655007,165.288888888889
10.2077562810788,165.059259259259
10.221606696657,165.062962962963
10.2354571122351,165.192592592593
10.2493075278132,165.777777777778
10.2631579433913,166.514814814815
10.2770083589695,167.548148148148
10.2908587745476,168.5
10.3047091901257,169.351851851852
10.3185596057038,170.12962962963
10.332410021282,170.788888888889
10.3462604368601,171.144444444444
10.3601108524382,171.685185185185
10.3739612680164,171.988888888889
10.3878116835945,172.474074074074
10.4016620991726,172.951851851852
10.4155125147507,173.377777777778
10.4293629303289,173.755555555556
10.443213345907,174.037037037037
10.4570637614851,174.244444444444
10.4709141770632,174.348148148148
10.4847645926414,174.562962962963
10.4986150082195,174.822222222222
10.5124654237976,175.048148148148
10.5263158393757,175.303703703704
10.5401662549539,175.807407407407
10.554016670532,176.418518518519
10.5678670861101,176.914814814815
10.5817175016882,177.651851851852
10.5955679172664,178.211111111111
10.6094183328445,178.933333333333
10.6232687484226,179.455555555556
10.6371191640007,179.814814814815
10.6509695795789,180.085185185185
10.664819995157,180.27037037037
10.6786704107351,180.42962962963
10.6925208263132,180.659259259259
10.7063712418914,180.711111111111
10.7202216574695,181.051851851852
10.7340720730476,181.440740740741
10.7479224886258,181.851851851852
10.7617729042039,182.266666666667
10.775623319782,182.674074074074
10.7894737353601,182.951851851852
10.8033241509383,183.262962962963
10.8171745665164,183.503703703704
10.8310249820945,183.874074074074
10.8448753976726,184.196296296296
10.8587258132508,184.52962962963
10.8725762288289,184.940740740741
10.886426644407,185.485185185185
10.9002770599851,185.874074074074
10.9141274755633,186.492592592593
10.9279778911414,186.992592592593
10.9418283067195,187.855555555556
10.9556787222976,188.566666666667
10.9695291378758,189.348148148148
10.9833795534539,190.251851851852
10.997229969032,191.177777777778
11.0110803846101,191.87037037037
11.0249308001883,192.596296296296
11.0387812157664,193.088888888889
11.0526316313445,193.611111111111
11.0664820469226,193.955555555556
11.0803324625008,194.148148148148
11.0941828780789,194.374074074074
11.108033293657,194.685185185185
11.1218837092352,194.881481481481
11.1357341248133,195.166666666667
11.1495845403914,195.348148148148
11.1634349559695,195.581481481481
11.1772853715477,195.803703703704
11.1911357871258,196.051851851852
11.2049862027039,196.355555555556
11.218836618282,196.833333333333
11.2326870338602,197.196296296296
11.2465374494383,197.707407407407
11.2603878650164,197.97037037037
11.2742382805945,198.307407407407
11.2880886961727,198.622222222222
11.3019391117508,198.874074074074
11.3157895273289,199.022222222222
11.329639942907,199.174074074074
11.3434903584852,199.237037037037
11.3573407740633,199.162962962963
11.3711911896414,199.014814814815
11.3850416052195,198.733333333333
11.3988920207977,198.325925925926
11.4127424363758,197.848148148148
11.4265928519539,197.303703703704
11.4404432675321,196.792592592593
11.4542936831102,196.462962962963
11.4681440986883,196.255555555556
11.4819945142664,196.188888888889
11.4958449298446,196.203703703704
11.5096953454227,196.411111111111
11.5235457610008,196.67037037037
11.5373961765789,196.862962962963
11.5512465921571,196.966666666667
11.5650970077352,197.048148148148
11.5789474233133,196.825925925926
11.5927978388914,196.537037037037
11.6066482544696,195.937037037037
11.6204986700477,195.192592592593
11.6343490856258,194.437037037037
11.6481995012039,193.533333333333
11.6620499167821,192.592592592593
11.6759003323602,191.892592592593
11.6897507479383,191.018518518519
11.7036011635164,190.444444444444
11.7174515790946,189.803703703704
11.7313019946727,189.244444444444
11.7451524102508,188.807407407407
11.7590028258289,188.348148148148
11.7728532414071,187.87037037037
11.7867036569852,187.533333333333
11.8005540725633,187.022222222222
11.8144044881415,186.7
11.8282549037196,186.344444444444
11.8421053192977,185.985185185185
11.8559557348758,185.637037037037
11.869806150454,185.22962962963
11.8836565660321,184.796296296296
11.8975069816102,184.492592592593
11.9113573971883,183.907407407407
11.9252078127665,183.344444444444
11.9390582283446,182.525925925926
11.9529086439227,181.703703703704
11.9667590595008,180.92962962963
11.980609475079,180.088888888889
11.9944598906571,179.240740740741
12.0083103062352,178.681481481481
12.0221607218133,178.077777777778
12.0360111373915,177.648148148148
12.0498615529696,177.088888888889
12.0637119685477,176.644444444444
12.0775623841258,176.333333333333
12.091412799704,175.9
12.1052632152821,175.359259259259
12.1191136308602,174.97037037037
12.1329640464383,174.537037037037
12.1468144620165,174.159259259259
12.1606648775946,173.707407407407
12.1745152931727,173.340740740741
12.1883657087509,172.97037037037
12.202216124329,172.611111111111
12.2160665399071,172.222222222222
12.2299169554852,172.011111111111
12.2437673710634,171.688888888889
12.2576177866415,171.422222222222
12.2714682022196,171.059259259259
12.2853186177977,170.688888888889
12.2991690333759,170.322222222222
12.313019448954,169.97037037037
12.3268698645321,169.644444444444
12.3407202801102,169.422222222222
12.3545706956884,169.244444444444
12.3684211112665,169.181481481481
12.3822715268446,169.12962962963
12.3961219424227,169.114814814815
12.4099723580009,169
12.423822773579,168.818518518519
12.4376731891571,168.722222222222
12.4515236047352,168.740740740741
12.4653740203134,168.7
12.4792244358915,168.722222222222
12.4930748514696,168.7
12.5069252670477,168.588888888889
12.5207756826259,168.37037037037
12.534626098204,168.092592592593
12.5484765137821,167.885185185185
12.5623269293603,167.807407407407
12.5761773449384,167.82962962963
12.5900277605165,168.051851851852
12.6038781760946,168.496296296296
12.6177285916728,168.955555555556
12.6315790072509,169.377777777778
12.645429422829,169.737037037037
12.6592798384071,169.911111111111
12.6731302539853,169.837037037037
12.6869806695634,169.781481481481
12.7008310851415,169.633333333333
12.7146815007196,169.537037037037
12.7285319162978,169.57037037037
12.7423823318759,169.666666666667
12.756232747454,169.918518518519
12.7700831630321,170.192592592593
12.7839335786103,170.433333333333
12.7977839941884,170.666666666667
12.8116344097665,170.748148148148
12.8254848253446,170.859259259259
12.8393352409228,170.818518518519
12.8531856565009,170.811111111111
12.867036072079,170.911111111111
12.8808864876572,171.07037037037
12.8947369032353,171.281481481481
12.9085873188134,171.707407407407
12.9224377343915,171.985185185185
12.9362881499697,172.455555555556
12.9501385655478,172.874074074074
12.9639889811259,173.02962962963
12.977839396704,173.177777777778
12.9916898122822,173.303703703704
13.0055402278603,173.311111111111
13.0193906434384,173.362962962963
13.0332410590165,173.392592592593
13.0470914745947,173.566666666667
13.0609418901728,173.751851851852
13.0747923057509,173.937037037037
13.088642721329,173.944444444444
13.1024931369072,173.822222222222
13.1163435524853,173.707407407407
13.1301939680634,173.522222222222
13.1440443836415,173.348148148148
13.1578947992197,173.32962962963
13.1717452147978,173.544444444444
13.1855956303759,173.788888888889
13.199446045954,174.262962962963
13.2132964615322,174.933333333333
13.2271468771103,175.555555555556
13.2409972926884,176.303703703704
13.2548477082666,176.851851851852
13.2686981238447,177.559259259259
13.2825485394228,178.207407407407
13.2963989550009,178.737037037037
13.3102493705791,179.381481481481
13.3240997861572,179.925925925926
13.3379502017353,180.351851851852
13.3518006173134,180.82962962963
13.3656510328916,180.981481481481
13.3795014484697,181.2
13.3933518640478,181.414814814815
13.4072022796259,181.596296296296
13.4210526952041,181.874074074074
13.4349031107822,182.27037037037
13.4487535263603,182.733333333333
13.4626039419384,183.322222222222
13.4764543575166,183.792592592593
13.4903047730947,184.374074074074
13.5041551886728,184.859259259259
13.5180056042509,185.240740740741
13.5318560198291,185.533333333333
13.5457064354072,185.874074074074
13.5595568509853,186.140740740741
13.5734072665634,186.481481481481
13.5872576821416,186.577777777778
13.6011080977197,186.796296296296
13.6149585132978,186.892592592593
13.628808928876,186.862962962963
13.6426593444541,186.748148148148
13.6565097600322,186.696296296296
13.6703601756103,186.651851851852
13.6842105911885,186.72962962963
13.6980610067666,186.655555555556
13.7119114223447,186.662962962963
13.7257618379228,186.72962962963
13.739612253501,186.72962962963
13.7534626690791,186.614814814815
13.7673130846572,186.474074074074
13.7811635002353,186.392592592593
13.7950139158135,186.366666666667
13.8088643313916,186.466666666667
13.8227147469697,186.603703703704
13.8365651625478,186.818518518519
13.850415578126,186.914814814815
13.8642659937041,186.840740740741
13.8781164092822,186.551851851852
13.8919668248603,186.351851851852
13.9058172404385,185.725925925926
13.9196676560166,185.388888888889
13.9335180715947,184.966666666667
13.9473684871728,184.674074074074
13.961218902751,184.466666666667
13.9750693183291,184.377777777778
13.9889197339072,184.3
14.0027701494854,184.188888888889
14.0166205650635,184.022222222222
14.0304709806416,183.825925925926
14.0443213962197,183.614814814815
14.0581718117979,183.448148148148
14.072022227376,183.359259259259
14.0858726429541,183.4
14.0997230585322,183.481481481481
14.1135734741104,183.481481481481
14.1274238896885,183.559259259259
14.1412743052666,183.359259259259
14.1551247208447,183.092592592593
14.1689751364229,182.7
14.182825552001,182.196296296296
14.1966759675791,181.748148148148
14.2105263831572,181.488888888889
14.2243767987354,181.27037037037
14.2382272143135,181.02962962963
14.2520776298916,180.885185185185
14.2659280454697,180.674074074074
14.2797784610479,180.47037037037
14.293628876626,180.240740740741
14.3074792922041,180.074074074074
14.3213297077823,179.977777777778
14.3351801233604,179.97037037037
14.3490305389385,179.944444444444
14.3628809545166,180.037037037037
14.3767313700948,180.203703703704
14.3905817856729,180.311111111111
14.404432201251,180.411111111111
14.4182826168291,180.607407407407
14.4321330324073,180.87037037037
14.4459834479854,181.074074074074
14.4598338635635,181.459259259259
14.4736842791416,181.607407407407
14.4875346947198,181.814814814815
14.5013851102979,181.97037037037
14.515235525876,181.966666666667
14.5290859414541,181.877777777778
14.5429363570323,181.674074074074
14.5567867726104,181.503703703704
14.5706371881885,181.348148148148
14.5844876037666,181.318518518519
14.5983380193448,181.385185185185
14.6121884349229,181.466666666667
14.626038850501,181.644444444444
14.6398892660791,181.848148148148
14.6537396816573,182.085185185185
14.6675900972354,182.303703703704
14.6814405128135,182.514814814815
14.6952909283917,182.67037037037
14.7091413439698,182.955555555556
14.7229917595479,183.27037037037
14.736842175126,183.618518518519
14.7506925907042,183.962962962963
14.7645430062823,184.362962962963
14.7783934218604,184.544444444444
14.7922438374385,184.62962962963
14.8060942530167,184.585185185185
14.8199446685948,184.440740740741
14.8337950841729,184.311111111111
14.847645499751,184.114814814815
14.8614959153292,183.97037037037
14.8753463309073,183.777777777778
14.8891967464854,183.714814814815
14.9030471620635,183.622222222222
14.9168975776417,183.540740740741
14.9307479932198,183.425925925926
14.9445984087979,183.292592592593
14.958448824376,183.225925925926
14.9722992399542,183.351851851852
14.9861496555323,183.666666666667
15.0000000711104,183.881481481481
15.0138504866885,184.381481481481
15.0277009022667,184.744444444444
15.0415513178448,185.274074074074
15.0554017334229,185.67037037037
15.0692521490011,185.874074074074
15.0831025645792,186.025925925926
15.0969529801573,186.177777777778
15.1108033957354,186.207407407407
15.1246538113136,186.22962962963
15.1385042268917,186.188888888889
15.1523546424698,186.177777777778
15.1662050580479,186.214814814815
15.1800554736261,186.140740740741
15.1939058892042,185.944444444444
15.2077563047823,185.707407407407
15.2216067203604,185.47037037037
15.2354571359386,185.148148148148
15.2493075515167,184.992592592593
15.2631579670948,184.859259259259
15.2770083826729,184.72962962963
15.2908587982511,184.666666666667
15.3047092138292,184.674074074074
15.3185596294073,184.744444444444
15.3324100449854,184.8
15.3462604605636,184.822222222222
15.3601108761417,184.766666666667
15.3739612917198,184.648148148148
15.3878117072979,184.525925925926
15.4016621228761,184.311111111111
15.4155125384542,183.962962962963
15.4293629540323,183.485185185185
15.4432133696105,183.122222222222
15.4570637851886,182.555555555556
15.4709142007667,182.151851851852
15.4847646163448,181.581481481481
15.498615031923,180.966666666667
15.5124654475011,180.32962962963
15.5263158630792,179.477777777778
15.5401662786573,178.5
15.5540166942355,177.648148148148
15.5678671098136,176.788888888889
15.5817175253917,176.277777777778
15.5955679409698,175.688888888889
15.609418356548,175.440740740741
15.6232687721261,175.466666666667
15.6371191877042,175.518518518519
15.6509696032823,175.462962962963
15.6648200188605,175.455555555556
15.6786704344386,175.377777777778
15.6925208500167,175.240740740741
15.7063712655948,174.948148148148
15.720221681173,174.585185185185
15.7340720967511,174.114814814815
15.7479225123292,173.551851851852
15.7617729279074,172.892592592593
15.7756233434855,172.466666666667
15.7894737590636,171.774074074074
15.8033241746417,171.27037037037
15.8171745902199,170.692592592593
15.831025005798,170.340740740741
15.8448754213761,169.933333333333
15.8587258369542,169.544444444444
15.8725762525324,169.237037037037
15.8864266681105,169.125925925926
15.9002770836886,168.885185185185
15.9141274992667,168.762962962963
15.9279779148449,168.640740740741
15.941828330423,168.581481481481
15.9556787460011,168.559259259259
15.9695291615792,168.585185185185
15.9833795771574,168.766666666667
15.9972299927355,169.07037037037
16.0110804083136,169.451851851852
16.0249308238917,169.562962962963
16.0387812394699,169.792592592593
16.052631655048,169.966666666667
16.0664820706261,169.885185185185
16.0803324862042,169.677777777778
16.0941829017824,169.381481481481
16.1080333173605,169.055555555556
16.1218837329386,168.748148148148
16.1357341485168,168.52962962963
16.1495845640949,168.277777777778
16.163434979673,168.237037037037
16.1772853952511,168.351851851852
16.1911358108293,168.622222222222
16.2049862264074,168.992592592593
16.2188366419855,169.374074074074
16.2326870575636,170.02962962963
16.2465374731418,170.622222222222
16.2603878887199,171.451851851852
16.274238304298,172.203703703704
16.2880887198761,172.87037037037
16.3019391354543,173.62962962963
16.3157895510324,174.533333333333
16.3296399666105,175.2
16.3434903821886,175.87037037037
16.3573407977668,176.47037037037
16.3711912133449,177.177777777778
16.385041628923,177.818518518519
16.3988920445011,178.32962962963
16.4127424600793,178.9
16.4265928756574,179.559259259259
16.4404432912355,180.040740740741
16.4542937068137,180.503703703704
16.4681441223918,180.833333333333
16.4819945379699,181.144444444444
16.495844953548,181.388888888889
16.5096953691262,181.596296296296
16.5235457847043,181.937037037037
16.5373962002824,182.388888888889
16.5512466158605,182.711111111111
16.5650970314387,183.503703703704
16.5789474470168,184.103703703704
16.5927978625949,184.925925925926
16.606648278173,185.637037037037
16.6204986937512,186.296296296296
16.6343491093293,186.92962962963
16.6481995249074,187.525925925926
16.6620499404855,187.933333333333
16.6759003560637,188.4
16.6897507716418,188.577777777778
16.7036011872199,188.87037037037
16.717451602798,189.025925925926
16.7313020183762,188.944444444444
16.7451524339543,188.862962962963
16.7590028495324,188.77037037037
16.7728532651105,188.625925925926
16.7867036806887,188.67037037037
16.8005540962668,188.807407407407
16.8144045118449,189.040740740741
16.8282549274231,189.237037037037
16.8421053430012,189.481481481481
16.8559557585793,189.648148148148
16.8698061741574,189.774074074074
16.8836565897356,189.807407407407
16.8975070053137,189.822222222222
16.9113574208918,189.633333333333
16.9252078364699,189.559259259259
16.9390582520481,189.614814814815
16.9529086676262,189.651851851852
16.9667590832043,189.714814814815
16.9806094987824,190.059259259259
16.9944599143606,190.433333333333
17.0083103299387,190.659259259259
17.0221607455168,190.937037037037
17.0360111610949,191
17.0498615766731,190.788888888889
17.0637119922512,190.411111111111
17.0775624078293,189.974074074074
17.0914128234074,189.27037037037
17.1052632389856,188.685185185185
17.1191136545637,188.011111111111
17.1329640701418,187.47037037037
17.1468144857199,186.807407407407
17.1606649012981,186.333333333333
17.1745153168762,185.837037037037
17.1883657324543,185.466666666667
17.2022161480325,185.181481481481
17.2160665636106,184.944444444444
17.2299169791887,184.848148148148
17.2437673947668,184.888888888889
17.257617810345,184.907407407407
17.2714682259231,184.833333333333
17.2853186415012,184.785185185185
17.2991690570793,184.681481481481
17.3130194726575,184.351851851852
17.3268698882356,184.037037037037
17.3407203038137,183.537037037037
17.3545707193918,183.17037037037
17.36842113497,182.592592592593
17.3822715505481,182.185185185185
17.3961219661262,181.737037037037
17.4099723817043,181.262962962963
17.4238227972825,180.833333333333
17.4376732128606,180.651851851852
17.4515236284387,180.511111111111
17.4653740440168,180.581481481481
17.479224459595,180.818518518519
17.4930748751731,181.159259259259
17.5069252907512,181.414814814815
17.5207757063293,181.662962962963
17.5346261219075,181.72962962963
17.5484765374856,181.814814814815
17.5623269530637,181.774074074074
17.5761773686419,181.718518518519
17.59002778422,181.666666666667
17.6038781997981,181.696296296296
17.6177286153762,181.740740740741
17.6315790309544,181.718518518519
17.6454294465325,181.637037037037
17.6592798621106,181.588888888889
17.6731302776887,181.307407407407
17.6869806932669,181.262962962963
17.700831108845,181.062962962963
17.7146815244231,180.962962962963
17.7285319400012,180.844444444444
17.7423823555794,180.781481481481
17.7562327711575,180.822222222222
17.7700831867356,181.003703703704
17.7839336023137,181.040740740741
17.7977840178919,181.207407407407
17.81163443347,181.433333333333
17.8254848490481,181.696296296296
17.8393352646262,182.003703703704
17.8531856802044,182.348148148148
17.8670360957825,182.655555555556
17.8808865113606,182.837037037037
17.8947369269388,183.114814814815
17.9085873425169,183.17037037037
17.922437758095,183.22962962963
17.9362881736731,183.214814814815
17.9501385892513,183.162962962963
17.9639890048294,183.188888888889
17.9778394204075,183.262962962963
17.9916898359856,183.311111111111
18.0055402515638,183.485185185185
18.0193906671419,183.596296296296
18.03324108272,183.811111111111
18.0470914982981,184.1
18.0609419138763,184.396296296296
18.0747923294544,184.592592592593
18.0886427450325,184.892592592593
18.1024931606106,185.044444444444
18.1163435761888,185.2
18.1301939917669,185.222222222222
18.144044407345,185.251851851852
18.1578948229231,185.111111111111
18.1717452385013,185.022222222222
18.1855956540794,184.859259259259
18.1994460696575,184.7
18.2132964852356,184.622222222222
18.2271469008138,184.481481481481
18.2409973163919,184.377777777778
18.25484773197,184.207407407407
18.2686981475482,184.096296296296
18.2825485631263,184.007407407407
18.2963989787044,183.914814814815
18.3102493942825,183.881481481481
18.3240998098607,183.925925925926
18.3379502254388,184.122222222222
18.3518006410169,184.42962962963
18.365651056595,184.911111111111
18.3795014721732,185.22962962963
18.3933518877513,185.562962962963
18.4072023033294,185.92962962963
18.4210527189075,186.377777777778
18.4349031344857,186.603703703704
18.4487535500638,186.985185185185
18.4626039656419,187.103703703704
18.47645438122,187.377777777778
18.4903047967982,187.559259259259
18.5041552123763,187.62962962963
18.5180056279544,187.685185185185
18.5318560435325,187.844444444444
18.5457064591107,188.033333333333
18.5595568746888,188.174074074074
18.5734072902669,188.207407407407
18.587257705845,188.307407407407
18.6011081214232,188.444444444444
18.6149585370013,188.537037037037
18.6288089525794,188.518518518519
18.6426593681576,188.52962962963
18.6565097837357,188.492592592593
18.6703601993138,188.52962962963
18.6842106148919,188.662962962963
18.6980610304701,188.762962962963
18.7119114460482,188.8
18.7257618616263,188.725925925926
18.7396122772044,188.666666666667
18.7534626927826,188.581481481481
18.7673131083607,188.503703703704
18.7811635239388,188.388888888889
18.7950139395169,188.385185185185
18.8088643550951,188.407407407407
18.8227147706732,188.459259259259
18.8365651862513,188.566666666667
18.8504156018294,188.655555555556
18.8642660174076,188.648148148148
18.8781164329857,188.614814814815
18.8919668485638,188.455555555556
18.9058172641419,188.27037037037
18.9196676797201,188.066666666667
18.9335180952982,187.914814814815
18.9473685108763,187.777777777778
18.9612189264545,187.57037037037
18.9750693420326,187.155555555556
18.9889197576107,186.774074074074
19.0027701731888,186.214814814815
19.016620588767,185.637037037037
19.0304710043451,184.896296296296
19.0443214199232,184.274074074074
19.0581718355013,183.840740740741
19.0720222510795,183.42962962963
19.0858726666576,183.062962962963
19.0997230822357,182.82962962963
19.1135734978138,182.396296296296
19.127423913392,182.007407407407
19.1412743289701,181.485185185185
19.1551247445482,180.962962962963
19.1689751601263,180.522222222222
19.1828255757045,180.218518518519
19.1966759912826,180.014814814815
19.2105264068607,179.940740740741
19.2243768224388,180.003703703704
19.238227238017,180.033333333333
19.2520776535951,180.014814814815
19.2659280691732,179.859259259259
19.2797784847513,179.644444444444
19.2936289003295,179.281481481481
19.3074793159076,178.777777777778
19.3213297314857,178.425925925926
19.3351801470639,178.088888888889
19.349030562642,178.144444444444
19.3628809782201,178.248148148148
19.3767313937982,178.425925925926
19.3905818093764,178.844444444444
19.4044322249545,179.222222222222
19.4182826405326,179.522222222222
19.4321330561107,179.740740740741
19.4459834716889,179.855555555556
19.459833887267,179.896296296296
19.4736843028451,179.918518518519
19.4875347184232,180.025925925926
19.5013851340014,180.251851851852
19.5152355495795,180.562962962963
19.5290859651576,181.022222222222
19.5429363807357,181.425925925926
19.5567867963139,181.796296296296
19.570637211892,181.944444444444
19.5844876274701,182.103703703704
19.5983380430482,182.055555555556
19.6121884586264,181.911111111111
19.6260388742045,181.603703703704
19.6398892897826,181.248148148148
19.6537397053607,180.966666666667
19.6675901209389,180.707407407407
19.681440536517,180.288888888889
19.6952909520951,180.037037037037
19.7091413676733,179.966666666667
19.7229917832514,179.888888888889
19.7368421988295,179.696296296296
19.7506926144076,179.607407407407
19.7645430299858,179.622222222222
19.7783934455639,179.303703703704
19.792243861142,179.137037037037
19.8060942767201,178.844444444444
19.8199446922983,178.559259259259
19.8337951078764,178.303703703704
19.8476455234545,178.274074074074
19.8614959390326,178.455555555556
19.8753463546108,178.633333333333
19.8891967701889,178.951851851852
19.903047185767,179.214814814815
19.9168976013451,179.481481481481
19.9307480169233,179.596296296296
19.9445984325014,179.537037037037
19.9584488480795,179.407407407407
19.9722992636576,179.277777777778
19.9861496792358,179.174074074074
20.0000000948139,179.188888888889
20.013850510392,179.3
20.0277009259701,179.481481481481
20.0415513415483,179.707407407407
20.0554017571264,179.892592592593
20.0692521727045,180.07037037037
20.0831025882827,180.02962962963
20.0969530038608,180.059259259259
20.1108034194389,180.07037037037
20.124653835017,180.133333333333
20.1385042505952,180.12962962963
20.1523546661733,180.051851851852
20.1662050817514,179.881481481481
20.1800554973295,179.614814814815
20.1939059129077,179.277777777778
20.2077563284858,179
20.2216067440639,178.796296296296
20.235457159642,178.744444444444
20.2493075752202,178.674074074074
20.2631579907983,178.707407407407
20.2770084063764,178.82962962963
20.2908588219545,178.896296296296
20.3047092375327,178.844444444444
20.3185596531108,178.807407407407
20.3324100686889,178.618518518519
20.346260484267,178.47037037037
20.3601108998452,178.407407407407
20.3739613154233,178.359259259259
20.3878117310014,178.444444444444
20.4016621465796,178.448148148148
20.4155125621577,178.566666666667
20.4293629777358,178.592592592593
20.4432133933139,178.466666666667
20.4570638088921,178.292592592593
20.4709142244702,178.037037037037
20.4847646400483,177.655555555556
20.4986150556264,177.277777777778
20.5124654712046,176.818518518519
20.5263158867827,176.403703703704
20.5401663023608,176.166666666667
20.5540167179389,175.903703703704
20.5678671335171,175.796296296296
20.5817175490952,175.718518518519
20.5955679646733,175.792592592593
20.6094183802514,175.892592592593
20.6232687958296,175.981481481481
20.6371192114077,176.177777777778
20.6509696269858,176.307407407407
20.6648200425639,176.37037037037
20.6786704581421,176.42962962963
20.6925208737202,176.577777777778
20.7063712892983,176.67037037037
20.7202217048764,176.825925925926
20.7340721204546,177.011111111111
20.7479225360327,177.307407407407
20.7617729516108,177.548148148148
20.775623367189,177.992592592593
20.7894737827671,178.403703703704
20.8033241983452,178.97037037037
20.8171746139233,179.537037037037
20.8310250295015,180.055555555556
20.8448754450796,180.577777777778
20.8587258606577,181.1
20.8725762762358,181.562962962963
20.886426691814,182.018518518519
20.9002771073921,182.333333333333
20.9141275229702,182.933333333333
20.9279779385483,183.377777777778
20.9418283541265,183.611111111111
20.9556787697046,183.896296296296
20.9695291852827,184.096296296296
20.9833796008608,184.088888888889
20.997230016439,184.17037037037
21.0110804320171,184.407407407407
21.0249308475952,184.722222222222
21.0387812631733,185.048148148148
21.0526316787515,185.496296296296
21.0664820943296,186.037037037037
21.0803325099077,186.481481481481
21.0941829254859,186.725925925926
21.108033341064,186.955555555556
21.1218837566421,187.085185185185
21.1357341722202,187.107407407407
21.1495845877984,187.125925925926
21.1634350033765,187.17037037037
21.1772854189546,187.314814814815
21.1911358345327,187.481481481481
21.2049862501109,187.507407407407
21.218836665689,187.614814814815
