"Date: 11/19/2019 11:04:15 AM"
0
#TRUE#,#FALSE#,#FALSE#
#TRUE#
91.2,91.2,91.2
"E:\Scan 1\PSTR12_Coral_1_2_1_BONE.bmp"
""
141,563,1692,585,1697,226,146,204
1552
0,171.563888888889
1.09649122807018E-02,172.047222222222
2.19298245614035E-02,172.522222222222
3.28947368421053E-02,172.983333333333
.043859649122807,173.519444444444
5.48245614035088E-02,174.083333333333
6.57894736842105E-02,174.655555555556
7.67543859649123E-02,175.158333333333
.087719298245614,175.586111111111
9.86842105263158E-02,176.002777777778
.109649122807018,176.438888888889
.120614035087719,176.805555555556
.131578947368421,177.016666666667
.142543859649123,177.25
.153508771929825,177.458333333333
.164473684210526,177.458333333333
.175438596491228,177.408333333333
.18640350877193,177.375
.197368421052632,177.175
.208333333333333,176.888888888889
.219298245614035,176.536111111111
.230263157894737,176.247222222222
.241228070175439,175.75
.25219298245614,175.127777777778
.263157894736842,174.466666666667
.274122807017544,173.916666666667
.285087719298246,173.213888888889
.296052631578947,172.594444444444
.307017543859649,172.036111111111
.317982456140351,171.611111111111
.328947368421053,171.272222222222
.339912280701754,171.227777777778
.350877192982456,171.269444444444
.361842105263158,171.372222222222
.37280701754386,171.641666666667
.383771929824561,171.808333333333
.394736842105263,172.072222222222
.405701754385965,172.077777777778
.416666666666667,172.108333333333
.427631578947368,172.05
.43859649122807,171.819444444444
.449561403508772,171.655555555556
.460526315789474,171.466666666667
.471491228070175,171.272222222222
.482456140350877,171.086111111111
.493421052631579,170.95
.504385964912281,170.883333333333
.515350877192982,170.716666666667
.526315789473684,170.622222222222
.537280701754386,170.419444444444
.548245614035088,170.133333333333
.559210526315789,169.958333333333
.570175438596491,169.611111111111
.581140350877193,169.222222222222
.592105263157895,168.713888888889
.603070175438596,168.252777777778
.614035087719298,167.597222222222
.625,167.038888888889
.635964912280702,166.436111111111
.646929824561403,165.816666666667
.657894736842105,165.152777777778
.668859649122807,164.588888888889
.679824561403509,164.125
.690789473684211,163.711111111111
.701754385964912,163.461111111111
.712719298245614,163.269444444444
.723684210526316,163.191666666667
.734649122807018,163.144444444444
.745614035087719,163.141666666667
.756578947368421,163.1
.767543859649123,163.086111111111
.778508771929824,163.005555555556
.789473684210526,162.9
.800438596491228,162.736111111111
.81140350877193,162.519444444444
.822368421052632,162.277777777778
.833333333333333,162.075
.844298245614035,161.933333333333
.855263157894737,161.894444444444
.866228070175439,161.816666666667
.87719298245614,161.991666666667
.888157894736842,162.147222222222
.899122807017544,162.388888888889
.910087719298246,162.716666666667
.921052631578947,163.005555555556
.932017543859649,163.238888888889
.942982456140351,163.408333333333
.953947368421053,163.569444444444
.964912280701754,163.75
.975877192982456,163.805555555556
.986842105263158,163.836111111111
.99780701754386,163.880555555556
1.00877192982456,163.969444444444
1.01973684210526,164.116666666667
1.03070175438596,164.205555555556
1.04166666666667,164.477777777778
1.05263157894737,164.580555555556
1.06359649122807,164.722222222222
1.07456140350877,164.838888888889
1.08552631578947,164.927777777778
1.09649122807018,164.9
1.10745614035088,164.833333333333
1.11842105263158,164.711111111111
1.12938596491228,164.625
1.14035087719298,164.427777777778
1.15131578947368,164.336111111111
1.16228070175439,164.369444444444
1.17324561403509,164.311111111111
1.18421052631579,164.269444444444
1.19517543859649,164.286111111111
1.20614035087719,164.261111111111
1.21710526315789,164.3
1.2280701754386,164.288888888889
1.2390350877193,164.261111111111
1.25,164.15
1.2609649122807,164.111111111111
1.2719298245614,164.044444444444
1.28289473684211,163.908333333333
1.29385964912281,163.769444444444
1.30482456140351,163.808333333333
1.31578947368421,163.791666666667
1.32675438596491,163.777777777778
1.33771929824561,163.825
1.34868421052632,163.944444444444
1.35964912280702,164.072222222222
1.37061403508772,164.077777777778
1.38157894736842,164.258333333333
1.39254385964912,164.313888888889
1.40350877192982,164.516666666667
1.41447368421053,164.572222222222
1.42543859649123,164.686111111111
1.43640350877193,164.813888888889
1.44736842105263,165.044444444444
1.45833333333333,165.277777777778
1.46929824561404,165.5
1.48026315789474,165.747222222222
1.49122807017544,166.091666666667
1.50219298245614,166.444444444444
1.51315789473684,166.711111111111
1.52412280701754,167.033333333333
1.53508771929825,167.211111111111
1.54605263157895,167.344444444444
1.55701754385965,167.35
1.56798245614035,167.288888888889
1.57894736842105,167.111111111111
1.58991228070175,166.911111111111
1.60087719298246,166.65
1.61184210526316,166.519444444444
1.62280701754386,166.361111111111
1.63377192982456,166.308333333333
1.64473684210526,166.2
1.65570175438596,166.230555555556
1.66666666666667,166.113888888889
1.67763157894737,166.144444444444
1.68859649122807,166.072222222222
1.69956140350877,166.008333333333
1.71052631578947,165.833333333333
1.72149122807018,165.794444444444
1.73245614035088,165.797222222222
1.74342105263158,165.788888888889
1.75438596491228,165.855555555556
1.76535087719298,165.908333333333
1.77631578947368,166.041666666667
1.78728070175439,166.152777777778
1.79824561403509,166.319444444444
1.80921052631579,166.491666666667
1.82017543859649,166.661111111111
1.83114035087719,166.811111111111
1.84210526315789,166.994444444444
1.8530701754386,167.125
1.8640350877193,167.230555555556
1.875,167.288888888889
1.8859649122807,167.297222222222
1.8969298245614,167.194444444444
1.90789473684211,167.1
1.91885964912281,167.075
1.92982456140351,167.075
1.94078947368421,167.205555555556
1.95175438596491,167.308333333333
1.96271929824561,167.383333333333
1.97368421052632,167.633333333333
1.98464912280702,167.913888888889
1.99561403508772,168.119444444444
2.00657894736842,168.297222222222
2.01754385964912,168.427777777778
2.02850877192982,168.525
2.03947368421053,168.505555555556
2.05043859649123,168.475
2.06140350877193,168.405555555556
2.07236842105263,168.338888888889
2.08333333333333,168.230555555556
2.09429824561404,168.183333333333
2.10526315789474,168.125
2.11622807017544,168.166666666667
2.12719298245614,168.15
2.13815789473684,168.186111111111
2.14912280701754,168.216666666667
2.16008771929825,168.35
2.17105263157895,168.422222222222
2.18201754385965,168.588888888889
2.19298245614035,168.677777777778
2.20394736842105,168.95
2.21491228070175,169.094444444444
2.22587719298246,169.275
2.23684210526316,169.469444444444
2.24780701754386,169.708333333333
2.25877192982456,169.927777777778
2.26973684210526,170.019444444444
2.28070175438596,170.15
2.29166666666667,170.208333333333
2.30263157894737,170.202777777778
2.31359649122807,170.169444444444
2.32456140350877,170.116666666667
2.33552631578947,170.083333333333
2.34649122807018,170.002777777778
2.35745614035088,170.022222222222
2.36842105263158,170.008333333333
2.37938596491228,170.055555555556
2.39035087719298,170.166666666667
2.40131578947368,170.266666666667
2.41228070175439,170.491666666667
2.42324561403509,170.663888888889
2.43421052631579,170.797222222222
2.44517543859649,171.025
2.45614035087719,171.188888888889
2.46710526315789,171.311111111111
2.4780701754386,171.575
2.4890350877193,171.711111111111
2.5,171.908333333333
2.5109649122807,172.075
2.5219298245614,172.141666666667
2.53289473684211,172.394444444444
2.54385964912281,172.383333333333
2.55482456140351,172.497222222222
2.56578947368421,172.583333333333
2.57675438596491,172.655555555556
2.58771929824561,172.683333333333
2.59868421052632,172.702777777778
2.60964912280702,172.711111111111
2.62061403508772,172.725
2.63157894736842,172.683333333333
2.64254385964912,172.65
2.65350877192982,172.644444444444
2.66447368421053,172.647222222222
2.67543859649123,172.658333333333
2.68640350877193,172.736111111111
2.69736842105263,172.847222222222
2.70833333333333,173.144444444444
2.71929824561404,173.330555555556
2.73026315789474,173.444444444444
2.74122807017544,173.583333333333
2.75219298245614,173.658333333333
2.76315789473684,173.730555555556
2.77412280701754,173.688888888889
2.78508771929825,173.647222222222
2.79605263157895,173.605555555556
2.80701754385965,173.361111111111
2.81798245614035,173.144444444444
2.82894736842105,172.925
2.83991228070175,172.733333333333
2.85087719298246,172.530555555556
2.86184210526316,172.327777777778
2.87280701754386,172.180555555556
2.88377192982456,172.105555555556
2.89473684210526,172.086111111111
2.90570175438596,172.063888888889
2.91666666666667,172.166666666667
2.92763157894737,172.205555555556
2.93859649122807,172.327777777778
2.94956140350877,172.386111111111
2.96052631578947,172.408333333333
2.97149122807018,172.502777777778
2.98245614035088,172.436111111111
2.99342105263158,172.469444444444
3.00438596491228,172.580555555556
3.01535087719298,172.605555555556
3.02631578947368,172.552777777778
3.03728070175439,172.616666666667
3.04824561403509,172.625
3.05921052631579,172.7
3.07017543859649,172.672222222222
3.08114035087719,172.558333333333
3.09210526315789,172.561111111111
3.1030701754386,172.469444444444
3.1140350877193,172.363888888889
3.125,172.338888888889
3.1359649122807,172.286111111111
3.1469298245614,172.177777777778
3.15789473684211,172.125
3.16885964912281,172.005555555556
3.17982456140351,171.947222222222
3.19078947368421,171.877777777778
3.20175438596491,171.875
3.21271929824561,171.927777777778
3.22368421052632,172.033333333333
3.23464912280702,172.147222222222
3.24561403508772,172.311111111111
3.25657894736842,172.563888888889
3.26754385964912,172.688888888889
3.27850877192982,172.761111111111
3.28947368421053,172.777777777778
3.30043859649123,172.775
3.31140350877193,172.683333333333
3.32236842105263,172.511111111111
3.33333333333333,172.455555555556
3.34429824561404,172.369444444444
3.35526315789474,172.344444444444
3.36622807017544,172.391666666667
3.37719298245614,172.622222222222
3.38815789473684,172.852777777778
3.39912280701754,173.130555555556
3.41008771929825,173.413888888889
3.42105263157895,173.725
3.43201754385965,174.008333333333
3.44298245614035,174.197222222222
3.45394736842105,174.283333333333
3.46491228070175,174.35
3.47587719298246,174.330555555556
3.48684210526316,174.436111111111
3.49780701754386,174.441666666667
3.50877192982456,174.533333333333
3.51973684210526,174.602777777778
3.53070175438596,174.766666666667
3.54166666666667,174.958333333333
3.55263157894737,175.127777777778
3.56359649122807,175.25
3.57456140350877,175.336111111111
3.58552631578947,175.272222222222
3.59649122807018,175.236111111111
3.60745614035088,175.013888888889
3.61842105263158,174.766666666667
3.62938596491228,174.497222222222
3.64035087719298,174.197222222222
3.65131578947368,173.891666666667
3.66228070175439,173.752777777778
3.67324561403509,173.633333333333
3.68421052631579,173.616666666667
3.69517543859649,173.586111111111
3.70614035087719,173.711111111111
3.71710526315789,173.841666666667
3.7280701754386,173.958333333333
3.7390350877193,173.997222222222
3.75,174.05
3.7609649122807,174.019444444444
3.7719298245614,173.902777777778
3.78289473684211,173.841666666667
3.79385964912281,173.755555555556
3.80482456140351,173.644444444444
3.81578947368421,173.555555555556
3.82675438596491,173.436111111111
3.83771929824561,173.330555555556
3.84868421052632,173.277777777778
3.85964912280702,173.205555555556
3.87061403508772,173.211111111111
3.88157894736842,173.083333333333
3.89254385964912,173.072222222222
3.90350877192982,173.111111111111
3.91447368421053,173.15
3.92543859649123,173.222222222222
3.93640350877193,173.305555555556
3.94736842105263,173.383333333333
3.95833333333333,173.4
3.96929824561404,173.466666666667
3.98026315789474,173.5
3.99122807017544,173.352777777778
4.00219298245614,173.233333333333
4.01315789473684,173.122222222222
4.02412280701754,172.980555555556
4.03508771929825,172.772222222222
4.04605263157895,172.580555555556
4.05701754385965,172.441666666667
4.06798245614035,172.227777777778
4.07894736842105,172.105555555556
4.08991228070175,171.952777777778
4.10087719298246,171.891666666667
4.11184210526316,171.722222222222
4.12280701754386,171.730555555556
4.13377192982456,171.647222222222
4.14473684210526,171.702777777778
4.15570175438596,171.722222222222
4.16666666666667,171.713888888889
4.17763157894737,171.716666666667
4.18859649122807,171.7
4.19956140350877,171.713888888889
4.21052631578947,171.780555555556
4.22149122807018,171.780555555556
4.23245614035088,171.827777777778
4.24342105263158,171.836111111111
4.25438596491228,171.872222222222
4.26535087719298,171.952777777778
4.27631578947368,172.047222222222
4.28728070175439,172.116666666667
4.29824561403509,172.205555555556
4.30921052631579,172.277777777778
4.32017543859649,172.3
4.33114035087719,172.3
4.34210526315789,172.219444444444
4.3530701754386,172.155555555556
4.3640350877193,171.988888888889
4.375,171.836111111111
4.3859649122807,171.683333333333
4.3969298245614,171.561111111111
4.40789473684211,171.475
4.41885964912281,171.402777777778
4.42982456140351,171.366666666667
4.44078947368421,171.330555555556
4.45175438596491,171.391666666667
4.46271929824561,171.508333333333
4.47368421052632,171.555555555556
4.48464912280702,171.586111111111
4.49561403508772,171.647222222222
4.50657894736842,171.605555555556
4.51754385964912,171.547222222222
4.52850877192982,171.436111111111
4.53947368421053,171.383333333333
4.55043859649123,171.244444444444
4.56140350877193,171.136111111111
4.57236842105263,171.047222222222
4.58333333333333,171.066666666667
4.59429824561404,171.075
4.60526315789474,171.166666666667
4.61622807017544,171.219444444444
4.62719298245614,171.227777777778
4.63815789473684,171.422222222222
4.64912280701754,171.494444444444
4.66008771929825,171.575
4.67105263157895,171.694444444444
4.68201754385965,171.797222222222
4.69298245614035,171.877777777778
4.70394736842105,172.002777777778
4.71491228070175,172.15
4.72587719298246,172.275
4.73684210526316,172.369444444444
4.74780701754386,172.433333333333
4.75877192982456,172.533333333333
4.76973684210526,172.613888888889
4.78070175438596,172.694444444444
4.79166666666667,172.766666666667
4.80263157894737,172.805555555556
4.81359649122807,172.888888888889
4.82456140350877,172.936111111111
4.83552631578947,173.063888888889
4.84649122807018,173.155555555556
4.85745614035088,173.316666666667
4.86842105263158,173.488888888889
4.87938596491228,173.683333333333
4.89035087719298,173.8
4.90131578947368,173.969444444444
4.91228070175439,174.136111111111
4.92324561403509,174.238888888889
4.93421052631579,174.327777777778
4.94517543859649,174.322222222222
4.95614035087719,174.261111111111
4.96710526315789,174.152777777778
4.9780701754386,173.958333333333
4.9890350877193,173.722222222222
5,173.483333333333
5.0109649122807,173.172222222222
5.0219298245614,172.844444444444
5.03289473684211,172.375
5.04385964912281,171.994444444444
5.05482456140351,171.616666666667
5.06578947368421,171.330555555556
5.07675438596491,170.997222222222
5.08771929824561,170.727777777778
5.09868421052632,170.505555555556
5.10964912280702,170.311111111111
5.12061403508772,170.241666666667
5.13157894736842,170.216666666667
5.14254385964912,170.197222222222
5.15350877192982,170.275
5.16447368421053,170.355555555556
5.17543859649123,170.358333333333
5.18640350877193,170.372222222222
5.19736842105263,170.219444444444
5.20833333333333,170.1
5.21929824561404,169.961111111111
5.23026315789474,169.902777777778
5.24122807017544,169.822222222222
5.25219298245614,169.883333333333
5.26315789473684,170.016666666667
5.27412280701754,170.197222222222
5.28508771929825,170.327777777778
5.29605263157895,170.552777777778
5.30701754385965,170.733333333333
5.31798245614035,170.833333333333
5.32894736842105,170.836111111111
5.33991228070175,170.930555555556
5.35087719298246,170.958333333333
5.36184210526316,170.916666666667
5.37280701754386,170.838888888889
5.38377192982456,170.888888888889
5.39473684210526,170.95
5.40570175438596,170.936111111111
5.41666666666667,170.925
5.42763157894737,170.927777777778
5.43859649122807,170.902777777778
5.44956140350877,170.897222222222
5.46052631578947,170.677777777778
5.47149122807018,170.608333333333
5.48245614035088,170.430555555556
5.49342105263158,170.230555555556
5.50438596491228,170.116666666667
5.51535087719298,170.088888888889
5.52631578947368,169.95
5.53728070175439,169.952777777778
5.54824561403509,169.85
5.55921052631579,169.9
5.57017543859649,170.019444444444
5.58114035087719,170.155555555556
5.59210526315789,170.266666666667
5.6030701754386,170.430555555556
5.6140350877193,170.680555555556
5.625,170.869444444444
5.6359649122807,170.991666666667
5.6469298245614,171.072222222222
5.65789473684211,171.102777777778
5.66885964912281,171.263888888889
5.67982456140351,171.233333333333
5.69078947368421,171.255555555556
5.70175438596491,171.111111111111
5.71271929824561,171.136111111111
5.72368421052632,171.113888888889
5.73464912280702,171.116666666667
5.74561403508772,171.127777777778
5.75657894736842,171.219444444444
5.76754385964912,171.197222222222
5.77850877192982,171.258333333333
5.78947368421053,171.183333333333
5.80043859649123,171.352777777778
5.81140350877193,171.369444444444
5.82236842105263,171.369444444444
5.83333333333333,171.358333333333
5.84429824561404,171.444444444444
5.85526315789474,171.469444444444
5.86622807017544,171.588888888889
5.87719298245614,171.594444444444
5.88815789473684,171.758333333333
5.89912280701754,171.797222222222
5.91008771929825,171.852777777778
5.92105263157895,171.933333333333
5.93201754385965,171.913888888889
5.94298245614035,171.819444444444
5.95394736842105,171.705555555556
5.96491228070175,171.563888888889
5.97587719298246,171.358333333333
5.98684210526316,171.244444444444
5.99780701754386,171.030555555556
6.00877192982456,170.958333333333
6.01973684210526,170.841666666667
6.03070175438596,170.744444444444
6.04166666666667,170.680555555556
6.05263157894737,170.519444444444
6.06359649122807,170.461111111111
6.07456140350877,170.355555555556
6.08552631578947,170.177777777778
6.09649122807018,169.930555555556
6.10745614035088,169.680555555556
6.11842105263158,169.427777777778
6.12938596491228,169.269444444444
6.14035087719298,169.036111111111
6.15131578947368,168.827777777778
6.16228070175439,168.744444444444
6.17324561403509,168.661111111111
6.18421052631579,168.502777777778
6.19517543859649,168.380555555556
6.20614035087719,168.277777777778
6.21710526315789,168.205555555556
6.2280701754386,168
6.2390350877193,167.844444444444
6.25,167.75
6.2609649122807,167.627777777778
6.2719298245614,167.505555555556
6.28289473684211,167.375
6.29385964912281,167.269444444444
6.30482456140351,167.097222222222
6.31578947368421,166.95
6.32675438596491,166.719444444444
6.33771929824561,166.508333333333
6.34868421052632,166.280555555556
6.35964912280702,166.183333333333
6.37061403508772,166.055555555556
6.38157894736842,166.019444444444
6.39254385964912,166.122222222222
6.40350877192982,166.316666666667
6.41447368421053,166.472222222222
6.42543859649123,166.797222222222
6.43640350877193,167.125
6.44736842105263,167.436111111111
6.45833333333333,167.652777777778
6.46929824561404,167.830555555556
6.48026315789474,167.836111111111
6.49122807017544,167.802777777778
6.50219298245614,167.552777777778
6.51315789473684,167.275
6.52412280701754,166.911111111111
6.53508771929825,166.505555555556
6.54605263157895,166.061111111111
6.55701754385965,165.744444444444
6.56798245614035,165.438888888889
6.57894736842105,165.055555555556
6.58991228070175,164.825
6.60087719298246,164.680555555556
6.61184210526316,164.475
6.62280701754386,164.225
6.63377192982456,163.941666666667
6.64473684210526,163.672222222222
6.65570175438596,163.413888888889
6.66666666666667,163.022222222222
6.67763157894737,162.713888888889
6.68859649122807,162.530555555556
6.69956140350877,162.358333333333
6.71052631578947,162.291666666667
6.72149122807018,162.311111111111
6.73245614035088,162.477777777778
6.74342105263158,162.522222222222
6.75438596491228,162.6
6.76535087719298,162.561111111111
6.77631578947368,162.461111111111
6.78728070175439,162.333333333333
6.79824561403509,162.069444444444
6.80921052631579,161.627777777778
6.82017543859649,161.269444444444
6.83114035087719,161.044444444444
6.84210526315789,160.819444444444
6.8530701754386,160.636111111111
6.8640350877193,160.55
6.875,160.594444444444
6.8859649122807,160.836111111111
6.8969298245614,160.966666666667
6.90789473684211,161.172222222222
6.91885964912281,161.2
6.92982456140351,161.277777777778
6.94078947368421,161.269444444444
6.95175438596491,161.211111111111
6.96271929824561,161.1
6.97368421052632,161.038888888889
6.98464912280702,160.916666666667
6.99561403508772,160.905555555556
7.00657894736842,160.852777777778
7.01754385964912,160.980555555556
7.02850877192982,160.994444444444
7.03947368421053,161.108333333333
7.05043859649123,161.316666666667
7.06140350877193,161.508333333333
7.07236842105263,161.688888888889
7.08333333333333,161.838888888889
7.09429824561404,162.041666666667
7.10526315789474,162.169444444444
7.11622807017544,162.172222222222
7.12719298245614,162.163888888889
7.13815789473684,162.119444444444
7.14912280701754,162.041666666667
7.16008771929825,161.886111111111
7.17105263157895,161.655555555556
7.18201754385965,161.327777777778
7.19298245614035,161.130555555556
7.20394736842105,160.811111111111
7.21491228070175,160.622222222222
7.22587719298246,160.394444444444
7.23684210526316,160.252777777778
7.24780701754386,160.147222222222
7.25877192982456,160.127777777778
7.26973684210526,160.247222222222
7.28070175438596,160.319444444444
7.29166666666667,160.575
7.30263157894737,160.875
7.31359649122807,161.147222222222
7.32456140350877,161.5
7.33552631578947,161.813888888889
7.34649122807018,162.144444444444
7.35745614035088,162.35
7.36842105263158,162.547222222222
7.37938596491228,162.727777777778
7.39035087719298,162.786111111111
7.40131578947368,162.841666666667
7.41228070175439,162.891666666667
7.42324561403509,162.886111111111
7.43421052631579,162.872222222222
7.44517543859649,162.777777777778
7.45614035087719,162.825
7.46710526315789,162.791666666667
7.4780701754386,162.713888888889
7.4890350877193,162.644444444444
7.5,162.522222222222
7.5109649122807,162.411111111111
7.5219298245614,162.3
7.53289473684211,162.233333333333
7.54385964912281,162.116666666667
7.55482456140351,162.125
7.56578947368421,162.175
7.57675438596491,162.158333333333
7.58771929824561,162.177777777778
7.59868421052632,162.269444444444
7.60964912280702,162.322222222222
7.62061403508772,162.325
7.63157894736842,162.236111111111
7.64254385964912,162.116666666667
7.65350877192982,161.894444444444
7.66447368421053,161.705555555556
7.67543859649123,161.547222222222
7.68640350877193,161.369444444444
7.69736842105263,161.175
7.70833333333333,161.188888888889
7.71929824561404,161.252777777778
7.73026315789474,161.380555555556
7.74122807017544,161.605555555556
7.75219298245614,161.888888888889
7.76315789473684,162.116666666667
7.77412280701754,162.386111111111
7.78508771929825,162.616666666667
7.79605263157895,162.747222222222
7.80701754385965,162.752777777778
7.81798245614035,162.863888888889
7.82894736842105,162.8
7.83991228070175,162.719444444444
7.85087719298246,162.680555555556
7.86184210526316,162.616666666667
7.87280701754386,162.575
7.88377192982456,162.536111111111
7.89473684210526,162.547222222222
7.90570175438596,162.477777777778
7.91666666666667,162.536111111111
7.92763157894737,162.486111111111
7.93859649122807,162.466666666667
7.94956140350877,162.35
7.96052631578947,162.216666666667
7.97149122807018,162.047222222222
7.98245614035088,162.044444444444
7.99342105263158,161.925
8.00438596491228,161.808333333333
8.01535087719298,161.788888888889
8.02631578947368,161.780555555556
8.03728070175439,161.769444444444
8.04824561403509,161.761111111111
8.05921052631579,161.766666666667
8.07017543859649,161.813888888889
8.08114035087719,161.738888888889
8.09210526315789,161.625
8.1030701754386,161.483333333333
8.1140350877193,161.344444444444
8.125,161.119444444444
8.1359649122807,160.961111111111
8.1469298245614,160.863888888889
8.1578947368421,160.858333333333
8.16885964912281,160.938888888889
8.17982456140351,161.011111111111
8.19078947368421,161.286111111111
8.20175438596491,161.591666666667
8.21271929824561,162.005555555556
8.22368421052632,162.388888888889
8.23464912280702,162.880555555556
8.24561403508772,163.219444444444
8.25657894736842,163.694444444444
8.26754385964912,164.080555555556
8.27850877192982,164.375
8.28947368421053,164.669444444444
8.30043859649123,164.905555555556
8.31140350877193,165.002777777778
8.32236842105263,165.063888888889
8.33333333333333,164.972222222222
8.34429824561403,164.833333333333
8.35526315789474,164.658333333333
8.36622807017544,164.422222222222
8.37719298245614,164.075
8.38815789473684,163.758333333333
8.39912280701754,163.491666666667
8.41008771929824,163.111111111111
8.42105263157895,162.9
8.43201754385965,162.780555555556
8.44298245614035,162.683333333333
8.45394736842105,162.638888888889
8.46491228070175,162.736111111111
8.47587719298246,162.930555555556
8.48684210526316,163.144444444444
8.49780701754386,163.380555555556
8.50877192982456,163.55
8.51973684210526,163.761111111111
8.53070175438596,163.794444444444
8.54166666666667,163.886111111111
8.55263157894737,163.95
8.56359649122807,163.947222222222
8.57456140350877,163.852777777778
8.58552631578947,163.85
8.59649122807017,163.838888888889
8.60745614035088,163.883333333333
8.61842105263158,163.969444444444
8.62938596491228,164.044444444444
8.64035087719298,164.186111111111
8.65131578947368,164.375
8.66228070175439,164.433333333333
8.67324561403509,164.569444444444
8.68421052631579,164.627777777778
8.69517543859649,164.736111111111
8.70614035087719,164.825
8.71710526315789,165.041666666667
8.7280701754386,165.191666666667
8.7390350877193,165.452777777778
8.75,165.736111111111
8.7609649122807,166.152777777778
8.7719298245614,166.488888888889
8.7828947368421,166.769444444444
8.79385964912281,166.883333333333
8.80482456140351,166.911111111111
8.81578947368421,166.794444444444
8.82675438596491,166.558333333333
8.83771929824561,166.269444444444
8.84868421052632,165.825
8.85964912280702,165.5
8.87061403508772,165.016666666667
8.88157894736842,164.752777777778
8.89254385964912,164.488888888889
8.90350877192982,164.302777777778
8.91447368421053,164.091666666667
8.92543859649123,164.008333333333
8.93640350877193,163.936111111111
8.94736842105263,163.869444444444
8.95833333333333,163.805555555556
8.96929824561403,163.663888888889
8.98026315789474,163.547222222222
8.99122807017544,163.475
9.00219298245614,163.458333333333
9.01315789473684,163.4
9.02412280701754,163.402777777778
9.03508771929824,163.455555555556
9.04605263157895,163.480555555556
9.05701754385965,163.530555555556
9.06798245614035,163.683333333333
9.07894736842105,163.825
9.08991228070175,163.961111111111
9.10087719298246,164.072222222222
9.11184210526316,164.158333333333
9.12280701754386,164.238888888889
9.13377192982456,164.355555555556
9.14473684210526,164.302777777778
9.15570175438596,164.327777777778
9.16666666666667,164.227777777778
9.17763157894737,164.161111111111
9.18859649122807,164.108333333333
9.19956140350877,164.005555555556
9.21052631578947,163.938888888889
9.22149122807017,163.802777777778
9.23245614035088,163.836111111111
9.24342105263158,163.811111111111
9.25438596491228,163.944444444444
9.26535087719298,164.144444444444
9.27631578947368,164.35
9.28728070175439,164.6
9.29824561403509,164.933333333333
9.30921052631579,165.272222222222
9.32017543859649,165.525
9.33114035087719,165.830555555556
9.34210526315789,166.027777777778
9.3530701754386,166.25
9.3640350877193,166.366666666667
9.375,166.394444444444
9.3859649122807,166.475
9.3969298245614,166.511111111111
9.4078947368421,166.513888888889
9.41885964912281,166.558333333333
9.42982456140351,166.530555555556
9.44078947368421,166.519444444444
9.45175438596491,166.644444444444
9.46271929824561,166.705555555556
9.47368421052632,166.752777777778
9.48464912280702,166.816666666667
9.49561403508772,166.916666666667
9.50657894736842,167.191666666667
9.51754385964912,167.444444444444
9.52850877192982,167.744444444444
9.53947368421053,168.127777777778
9.55043859649123,168.394444444444
9.56140350877193,168.758333333333
9.57236842105263,169.058333333333
9.58333333333333,169.2
9.59429824561403,169.436111111111
9.60526315789474,169.547222222222
9.61622807017544,169.688888888889
9.62719298245614,169.808333333333
9.63815789473684,169.830555555556
9.64912280701754,169.936111111111
9.66008771929824,169.988888888889
9.67105263157895,170.358333333333
9.68201754385965,170.452777777778
9.69298245614035,170.502777777778
9.70394736842105,170.627777777778
9.71491228070175,170.672222222222
9.72587719298246,170.744444444444
9.73684210526316,170.777777777778
9.74780701754386,170.75
9.75877192982456,170.727777777778
9.76973684210526,170.702777777778
9.78070175438596,170.591666666667
9.79166666666667,170.477777777778
9.80263157894737,170.419444444444
9.81359649122807,170.277777777778
9.82456140350877,170.216666666667
9.83552631578947,170.105555555556
9.84649122807017,170.038888888889
9.85745614035088,169.883333333333
9.86842105263158,169.836111111111
9.87938596491228,169.752777777778
9.89035087719298,169.661111111111
9.90131578947368,169.486111111111
9.91228070175439,169.341666666667
9.92324561403509,169.166666666667
9.93421052631579,169.136111111111
9.94517543859649,169.072222222222
9.95614035087719,169.008333333333
9.96710526315789,168.988888888889
9.9780701754386,169.008333333333
9.9890350877193,169.080555555556
10,169.186111111111
10.0109649122807,169.283333333333
10.0219298245614,169.361111111111
10.0328947368421,169.383333333333
10.0438596491228,169.536111111111
10.0548245614035,169.65
10.0657894736842,169.8
10.0767543859649,169.883333333333
10.0877192982456,169.952777777778
10.0986842105263,170.019444444444
10.109649122807,169.983333333333
10.1206140350877,170
10.1315789473684,170.041666666667
10.1425438596491,169.980555555556
10.1535087719298,169.941666666667
10.1644736842105,169.977777777778
10.1754385964912,170.013888888889
10.1864035087719,170.061111111111
10.1973684210526,170.236111111111
10.2083333333333,170.341666666667
10.219298245614,170.586111111111
10.2302631578947,170.686111111111
10.2412280701754,170.747222222222
10.2521929824561,170.733333333333
10.2631578947368,170.708333333333
10.2741228070175,170.475
10.2850877192982,170.380555555556
10.2960526315789,170.144444444444
10.3070175438596,170.005555555556
10.3179824561404,169.9
10.3289473684211,169.838888888889
10.3399122807018,169.975
10.3508771929825,170.002777777778
10.3618421052632,170.147222222222
10.3728070175439,170.266666666667
10.3837719298246,170.311111111111
10.3947368421053,170.263888888889
10.405701754386,170.063888888889
10.4166666666667,169.816666666667
10.4276315789474,169.547222222222
10.4385964912281,169.002777777778
10.4495614035088,168.436111111111
10.4605263157895,167.913888888889
10.4714912280702,167.419444444444
10.4824561403509,166.975
10.4934210526316,166.536111111111
10.5043859649123,166.097222222222
10.515350877193,165.944444444444
10.5263157894737,165.566666666667
10.5372807017544,165.419444444444
10.5482456140351,165.252777777778
10.5592105263158,165.127777777778
10.5701754385965,164.994444444444
10.5811403508772,164.808333333333
10.5921052631579,164.655555555556
10.6030701754386,164.577777777778
10.6140350877193,164.4
10.625,164.372222222222
10.6359649122807,164.3
10.6469298245614,164.269444444444
10.6578947368421,164.275
10.6688596491228,164.341666666667
10.6798245614035,164.361111111111
10.6907894736842,164.3
10.7017543859649,164.269444444444
10.7127192982456,164.077777777778
10.7236842105263,163.9
10.734649122807,163.619444444444
10.7456140350877,163.380555555556
10.7565789473684,163.138888888889
10.7675438596491,162.836111111111
10.7785087719298,162.638888888889
10.7894736842105,162.35
10.8004385964912,162.033333333333
10.8114035087719,161.697222222222
10.8223684210526,161.394444444444
10.8333333333333,161.05
10.844298245614,160.688888888889
10.8552631578947,160.308333333333
10.8662280701754,159.988888888889
10.8771929824561,159.575
10.8881578947368,159.186111111111
10.8991228070175,158.838888888889
10.9100877192982,158.483333333333
10.9210526315789,158.144444444444
10.9320175438596,157.819444444444
10.9429824561404,157.613888888889
10.9539473684211,157.422222222222
10.9649122807018,157.330555555556
10.9758771929825,157.297222222222
10.9868421052632,157.366666666667
10.9978070175439,157.541666666667
11.0087719298246,157.638888888889
11.0197368421053,157.722222222222
11.030701754386,157.847222222222
11.0416666666667,157.927777777778
11.0526315789474,157.841666666667
11.0635964912281,157.858333333333
11.0745614035088,157.741666666667
11.0855263157895,157.708333333333
11.0964912280702,157.705555555556
11.1074561403509,157.677777777778
11.1184210526316,157.658333333333
11.1293859649123,157.702777777778
11.140350877193,157.680555555556
11.1513157894737,157.661111111111
11.1622807017544,157.736111111111
11.1732456140351,157.741666666667
11.1842105263158,157.794444444444
11.1951754385965,157.858333333333
11.2061403508772,158.019444444444
11.2171052631579,158.027777777778
11.2280701754386,158.213888888889
11.2390350877193,158.288888888889
11.25,158.430555555556
11.2609649122807,158.475
11.2719298245614,158.455555555556
11.2828947368421,158.322222222222
11.2938596491228,158.158333333333
11.3048245614035,157.966666666667
11.3157894736842,157.780555555556
11.3267543859649,157.688888888889
11.3377192982456,157.630555555556
11.3486842105263,157.708333333333
11.359649122807,157.858333333333
11.3706140350877,158.025
11.3815789473684,158.241666666667
11.3925438596491,158.438888888889
11.4035087719298,158.725
11.4144736842105,158.891666666667
11.4254385964912,159.105555555556
11.4364035087719,159.380555555556
11.4473684210526,159.669444444444
11.4583333333333,159.875
11.469298245614,160.208333333333
11.4802631578947,160.602777777778
11.4912280701754,161.019444444444
11.5021929824561,161.555555555556
11.5131578947368,161.952777777778
11.5241228070175,162.488888888889
11.5350877192982,162.913888888889
11.5460526315789,163.475
11.5570175438596,164.005555555556
11.5679824561404,164.519444444444
11.5789473684211,165.158333333333
11.5899122807018,165.677777777778
11.6008771929825,166.202777777778
11.6118421052632,166.755555555556
11.6228070175439,167.266666666667
11.6337719298246,167.711111111111
11.6447368421053,168.119444444444
11.655701754386,168.402777777778
11.6666666666667,168.647222222222
11.6776315789474,168.761111111111
11.6885964912281,168.9
11.6995614035088,168.975
11.7105263157895,168.791666666667
11.7214912280702,168.786111111111
11.7324561403509,168.802777777778
11.7434210526316,168.769444444444
11.7543859649123,168.744444444444
11.765350877193,168.736111111111
11.7763157894737,168.836111111111
11.7872807017544,168.936111111111
11.7982456140351,168.938888888889
11.8092105263158,169.066666666667
11.8201754385965,169.233333333333
11.8311403508772,169.427777777778
11.8421052631579,169.563888888889
11.8530701754386,169.677777777778
11.8640350877193,169.775
11.875,169.969444444444
11.8859649122807,170.047222222222
11.8969298245614,170
11.9078947368421,170.133333333333
11.9188596491228,170.144444444444
11.9298245614035,170.033333333333
11.9407894736842,169.952777777778
11.9517543859649,169.913888888889
11.9627192982456,169.811111111111
11.9736842105263,169.666666666667
11.984649122807,169.844444444444
11.9956140350877,169.794444444444
12.0065789473684,169.725
12.0175438596491,169.619444444444
12.0285087719298,169.527777777778
12.0394736842105,169.375
12.0504385964912,169.366666666667
12.0614035087719,169.386111111111
12.0723684210526,169.411111111111
12.0833333333333,169.458333333333
12.094298245614,169.608333333333
12.1052631578947,169.677777777778
12.1162280701754,169.75
12.1271929824561,169.772222222222
12.1381578947368,169.627777777778
12.1491228070175,169.427777777778
12.1600877192982,169.2
12.1710526315789,168.886111111111
12.1820175438596,168.577777777778
12.1929824561404,168.255555555556
12.2039473684211,167.922222222222
12.2149122807018,167.705555555556
12.2258771929825,167.458333333333
12.2368421052632,167.247222222222
12.2478070175439,166.975
12.2587719298246,166.713888888889
12.2697368421053,166.475
12.280701754386,166.291666666667
12.2916666666667,166.038888888889
12.3026315789474,165.841666666667
12.3135964912281,165.605555555556
12.3245614035088,165.580555555556
12.3355263157895,165.461111111111
12.3464912280702,165.35
12.3574561403509,165.233333333333
12.3684210526316,165.152777777778
12.3793859649123,164.936111111111
12.390350877193,164.75
12.4013157894737,164.555555555556
12.4122807017544,164.391666666667
12.4232456140351,164.113888888889
12.4342105263158,163.841666666667
12.4451754385965,163.666666666667
12.4561403508772,163.486111111111
12.4671052631579,163.305555555556
12.4780701754386,163.208333333333
12.4890350877193,163.022222222222
12.5,162.95
12.5109649122807,162.847222222222
12.5219298245614,162.727777777778
12.5328947368421,162.758333333333
12.5438596491228,162.725
12.5548245614035,162.813888888889
12.5657894736842,162.927777777778
12.5767543859649,162.972222222222
12.5877192982456,163.086111111111
12.5986842105263,163.183333333333
12.609649122807,163.1
12.6206140350877,163.141666666667
12.6315789473684,163.088888888889
12.6425438596491,163.063888888889
12.6535087719298,163.041666666667
12.6644736842105,163.008333333333
12.6754385964912,163.047222222222
12.6864035087719,163.080555555556
12.6973684210526,163.155555555556
12.7083333333333,163.275
12.719298245614,163.433333333333
12.7302631578947,163.588888888889
12.7412280701754,163.741666666667
12.7521929824561,163.902777777778
12.7631578947368,164.086111111111
12.7741228070175,164.194444444444
12.7850877192982,164.269444444444
12.7960526315789,164.411111111111
12.8070175438596,164.575
12.8179824561404,164.675
12.8289473684211,164.788888888889
12.8399122807018,164.902777777778
12.8508771929825,165.097222222222
12.8618421052632,165.325
12.8728070175439,165.461111111111
12.8837719298246,165.686111111111
12.8947368421053,165.913888888889
12.905701754386,166.183333333333
12.9166666666667,166.491666666667
12.9276315789474,166.702777777778
12.9385964912281,166.938888888889
12.9495614035088,167.355555555556
12.9605263157895,167.711111111111
12.9714912280702,168.058333333333
12.9824561403509,168.344444444444
12.9934210526316,168.677777777778
13.0043859649123,169.022222222222
13.015350877193,169.319444444444
13.0263157894737,169.455555555556
13.0372807017544,169.733333333333
13.0482456140351,169.941666666667
13.0592105263158,170.2
13.0701754385965,170.347222222222
13.0811403508772,170.536111111111
13.0921052631579,170.666666666667
13.1030701754386,170.716666666667
13.1140350877193,170.672222222222
13.125,170.544444444444
13.1359649122807,170.477777777778
13.1469298245614,170.286111111111
13.1578947368421,170.102777777778
13.1688596491228,169.997222222222
13.1798245614035,169.891666666667
13.1907894736842,169.8
13.2017543859649,169.652777777778
13.2127192982456,169.691666666667
13.2236842105263,169.752777777778
13.234649122807,169.722222222222
13.2456140350877,169.616666666667
13.2565789473684,169.555555555556
13.2675438596491,169.555555555556
13.2785087719298,169.561111111111
13.2894736842105,169.505555555556
13.3004385964912,169.427777777778
13.3114035087719,169.427777777778
13.3223684210526,169.383333333333
13.3333333333333,169.383333333333
13.344298245614,169.475
13.3552631578947,169.388888888889
13.3662280701754,169.561111111111
13.3771929824561,169.633333333333
13.3881578947368,169.716666666667
13.3991228070175,170.033333333333
13.4100877192982,170.272222222222
13.4210526315789,170.569444444444
13.4320175438596,170.777777777778
13.4429824561404,171.111111111111
13.4539473684211,171.583333333333
13.4649122807018,171.988888888889
13.4758771929825,172.272222222222
13.4868421052632,172.638888888889
13.4978070175439,172.875
13.5087719298246,173.105555555556
13.5197368421053,173.308333333333
13.530701754386,173.252777777778
13.5416666666667,173.233333333333
13.5526315789474,173.272222222222
13.5635964912281,173.269444444444
13.5745614035088,173.194444444444
13.5855263157895,173.194444444444
13.5964912280702,173.169444444444
13.6074561403509,173.1
13.6184210526316,173.022222222222
13.6293859649123,172.902777777778
13.640350877193,172.808333333333
13.6513157894737,172.597222222222
13.6622807017544,172.438888888889
13.6732456140351,172.158333333333
13.6842105263158,171.911111111111
13.6951754385965,171.588888888889
13.7061403508772,171.288888888889
13.7171052631579,171.005555555556
13.7280701754386,170.894444444444
13.7390350877193,170.777777777778
13.75,170.647222222222
13.7609649122807,170.65
13.7719298245614,170.677777777778
13.7828947368421,170.75
13.7938596491228,170.919444444444
13.8048245614035,171.061111111111
13.8157894736842,171.225
13.8267543859649,171.347222222222
13.8377192982456,171.452777777778
13.8486842105263,171.808333333333
13.859649122807,172.080555555556
13.8706140350877,172.394444444444
13.8815789473684,172.786111111111
13.8925438596491,173.047222222222
13.9035087719298,173.486111111111
13.9144736842105,173.894444444444
13.9254385964912,174.177777777778
13.9364035087719,174.544444444444
13.9473684210526,174.95
13.9583333333333,175.227777777778
13.969298245614,175.669444444444
13.9802631578947,176.019444444444
13.9912280701754,176.525
14.0021929824561,177.055555555556
14.0131578947368,177.483333333333
14.0241228070175,178.044444444444
14.0350877192982,178.530555555556
14.0460526315789,178.911111111111
14.0570175438596,179.255555555556
14.0679824561404,179.327777777778
14.0789473684211,179.4
14.0899122807018,179.380555555556
14.1008771929825,179.277777777778
14.1118421052632,179.127777777778
14.1228070175439,179.211111111111
14.1337719298246,179.108333333333
14.1447368421053,179.080555555556
14.155701754386,179.219444444444
14.1666666666667,179.313888888889
14.1776315789474,179.519444444444
14.1885964912281,179.752777777778
14.1995614035088,179.786111111111
14.2105263157895,179.8
14.2214912280702,179.927777777778
14.2324561403509,180.036111111111
14.2434210526316,180.113888888889
14.2543859649123,180.102777777778
14.265350877193,180.063888888889
14.2763157894737,180.122222222222
14.2872807017544,180.136111111111
14.2982456140351,180.072222222222
14.3092105263158,180.163888888889
14.3201754385965,179.983333333333
14.3311403508772,180.005555555556
14.3421052631579,180.005555555556
14.3530701754386,179.941666666667
14.3640350877193,179.777777777778
14.375,179.641666666667
14.3859649122807,179.3
14.3969298245614,178.983333333333
14.4078947368421,178.388888888889
14.4188596491228,177.872222222222
14.4298245614035,177.277777777778
14.4407894736842,176.683333333333
14.4517543859649,176.177777777778
14.4627192982456,175.972222222222
14.4736842105263,175.777777777778
14.484649122807,175.852777777778
14.4956140350877,175.891666666667
14.5065789473684,176.338888888889
14.5175438596491,176.816666666667
14.5285087719298,177.330555555556
14.5394736842105,177.897222222222
14.5504385964912,178.408333333333
14.5614035087719,178.913888888889
14.5723684210526,179.458333333333
14.5833333333333,179.911111111111
14.594298245614,180.388888888889
14.6052631578947,180.663888888889
14.6162280701754,181.011111111111
14.6271929824561,181.413888888889
14.6381578947368,181.619444444444
14.6491228070175,181.975
14.6600877192982,182.275
14.6710526315789,182.533333333333
14.6820175438596,182.697222222222
14.6929824561404,182.886111111111
14.7039473684211,182.880555555556
14.7149122807018,182.872222222222
14.7258771929825,182.530555555556
14.7368421052632,182.233333333333
14.7478070175439,181.680555555556
14.7587719298246,181.180555555556
14.7697368421053,180.622222222222
14.780701754386,180.15
14.7916666666667,179.644444444444
14.8026315789474,179.380555555556
14.8135964912281,179.147222222222
14.8245614035088,179.222222222222
14.8355263157895,179.227777777778
14.8464912280702,179.336111111111
14.8574561403509,179.35
14.8684210526316,179.630555555556
14.8793859649123,179.830555555556
14.890350877193,179.852777777778
14.9013157894737,179.747222222222
14.9122807017544,179.858333333333
14.9232456140351,179.794444444444
14.9342105263158,179.633333333333
14.9451754385965,179.425
14.9561403508772,179.219444444444
14.9671052631579,179.002777777778
14.9780701754386,178.716666666667
14.9890350877193,178.466666666667
15,178.383333333333
15.0109649122807,178.269444444444
15.0219298245614,178.275
15.0328947368421,178.336111111111
15.0438596491228,178.408333333333
15.0548245614035,178.563888888889
15.0657894736842,178.708333333333
15.0767543859649,178.605555555556
15.0877192982456,178.713888888889
15.0986842105263,178.597222222222
15.109649122807,178.666666666667
15.1206140350877,178.469444444444
15.1315789473684,178.405555555556
15.1425438596491,178.338888888889
15.1535087719298,178.194444444444
15.1644736842105,178.052777777778
15.1754385964912,177.938888888889
15.1864035087719,177.875
15.1973684210526,177.833333333333
15.2083333333333,177.666666666667
15.219298245614,177.602777777778
15.2302631578947,177.675
15.2412280701754,177.758333333333
15.2521929824561,177.825
15.2631578947368,177.827777777778
15.2741228070175,177.841666666667
15.2850877192982,177.802777777778
15.2960526315789,177.736111111111
15.3070175438596,177.536111111111
15.3179824561404,177.341666666667
15.3289473684211,177.088888888889
15.3399122807018,176.808333333333
15.3508771929825,176.575
15.3618421052632,176.427777777778
15.3728070175439,176.402777777778
15.3837719298246,176.444444444444
15.3947368421053,176.533333333333
15.405701754386,176.708333333333
15.4166666666667,176.866666666667
15.4276315789474,176.863888888889
15.4385964912281,176.922222222222
15.4495614035088,176.9
15.4605263157895,176.655555555556
15.4714912280702,176.433333333333
15.4824561403509,176.247222222222
15.4934210526316,176.044444444444
15.5043859649123,175.816666666667
15.515350877193,175.7
15.5263157894737,175.611111111111
15.5372807017544,175.627777777778
15.5482456140351,175.691666666667
15.5592105263158,175.902777777778
15.5701754385965,176.052777777778
15.5811403508772,176.391666666667
15.5921052631579,176.7
15.6030701754386,177.102777777778
15.6140350877193,177.372222222222
15.625,177.741666666667
15.6359649122807,177.955555555556
15.6469298245614,178.241666666667
15.6578947368421,178.452777777778
15.6688596491228,178.647222222222
15.6798245614035,178.719444444444
15.6907894736842,178.877777777778
15.7017543859649,178.969444444444
15.7127192982456,179.261111111111
15.7236842105263,179.430555555556
15.734649122807,179.702777777778
15.7456140350877,180.022222222222
15.7565789473684,180.402777777778
15.7675438596491,180.827777777778
15.7785087719298,181.166666666667
15.7894736842105,181.447222222222
15.8004385964912,181.7
15.8114035087719,181.833333333333
15.8223684210526,181.858333333333
15.8333333333333,181.811111111111
15.844298245614,181.752777777778
15.8552631578947,181.633333333333
15.8662280701754,181.486111111111
15.8771929824561,181.611111111111
15.8881578947368,181.813888888889
15.8991228070175,182.016666666667
15.9100877192982,182.366666666667
15.9210526315789,182.933333333333
15.9320175438596,183.472222222222
15.9429824561404,183.905555555556
15.9539473684211,184.352777777778
15.9649122807018,184.677777777778
15.9758771929825,184.969444444444
15.9868421052632,185.052777777778
15.9978070175439,185.161111111111
16.0087719298246,185.222222222222
16.0197368421053,185.383333333333
16.030701754386,185.444444444444
16.0416666666667,185.563888888889
16.0526315789474,185.680555555556
16.0635964912281,185.738888888889
16.0745614035088,185.727777777778
16.0855263157895,185.544444444444
16.0964912280702,185.202777777778
16.1074561403509,184.786111111111
16.1184210526316,184.136111111111
16.1293859649123,183.533333333333
16.140350877193,182.686111111111
16.1513157894737,181.916666666667
16.1622807017544,181.238888888889
16.1732456140351,180.547222222222
16.1842105263158,180.030555555556
16.1951754385965,179.536111111111
16.2061403508772,179.088888888889
16.2171052631579,178.838888888889
16.2280701754386,178.697222222222
16.2390350877193,178.883333333333
16.25,179.105555555556
16.2609649122807,179.297222222222
16.2719298245614,179.838888888889
16.2828947368421,180.544444444444
16.2938596491228,181.188888888889
16.3048245614035,181.922222222222
16.3157894736842,182.591666666667
16.3267543859649,183.169444444444
16.3377192982456,183.686111111111
16.3486842105263,184.052777777778
16.359649122807,184.255555555556
16.3706140350877,184.327777777778
16.3815789473684,184.372222222222
16.3925438596491,184.35
16.4035087719298,184.4
16.4144736842105,184.438888888889
16.4254385964912,184.625
16.4364035087719,184.722222222222
16.4473684210526,184.922222222222
16.4583333333333,185.102777777778
16.469298245614,185.241666666667
16.4802631578947,185.530555555556
16.4912280701754,185.658333333333
16.5021929824561,185.797222222222
16.5131578947368,185.9
16.5241228070175,185.955555555556
16.5350877192982,186.036111111111
16.5460526315789,186.016666666667
16.5570175438596,186.15
16.5679824561403,186.272222222222
16.5789473684211,186.466666666667
16.5899122807018,186.680555555556
16.6008771929825,186.833333333333
16.6118421052632,187.141666666667
16.6228070175439,187.630555555556
16.6337719298246,187.847222222222
16.6447368421053,188.041666666667
16.655701754386,188.163888888889
16.6666666666667,188.158333333333
16.6776315789474,187.941666666667
16.6885964912281,187.722222222222
16.6995614035088,187.388888888889
16.7105263157895,186.836111111111
16.7214912280702,186.469444444444
16.7324561403509,186.072222222222
16.7434210526316,185.619444444444
16.7543859649123,185.375
16.765350877193,185.216666666667
16.7763157894737,185.133333333333
16.7872807017544,185.252777777778
16.7982456140351,185.272222222222
16.8092105263158,185.344444444444
16.8201754385965,185.383333333333
16.8311403508772,185.502777777778
16.8421052631579,185.45
16.8530701754386,185.583333333333
16.8640350877193,185.530555555556
16.875,185.638888888889
16.8859649122807,185.780555555556
16.8969298245614,186.091666666667
16.9078947368421,186.402777777778
16.9188596491228,186.894444444444
16.9298245614035,187.322222222222
16.9407894736842,187.858333333333
16.9517543859649,188.422222222222
16.9627192982456,188.916666666667
16.9736842105263,189.452777777778
16.984649122807,189.825
16.9956140350877,190.058333333333
17.0065789473684,190.288888888889
